regionID
[0, 0, 0, 0, 0, 0, 0, 0, 0, 0, 0, 0, 0, 0, 0, 0, 0, 0, 0, 2, 2, 2, 2, 2, 2, 2, 2, 2, 2, 2, 2, 2, 2, 2, 2, 2, 2, 2, 2, 2, 2, 2, 2, 2, 2, 2, 2, 2, 2, 2, 2, 2, 2, 2, 2, 2, 2, 2, 2, 2, 2, 2, 2, 2, 2, 2, 2, 2, 2, 2, 2, 2, 2, 2, 2, 2]

shapes
[0, 1, 2, 3, 19, 20, 21, 22, 23, 24, 25, 26, 27, 28, 29, 30, 31, 32, 33, 34, 35, 36, 37, 38, 40, 41, 42, 43, 47, 48, 49, 50, 51, 52, 53, 54, 55, 56, 57, 58, 59, 60, 61, 62, 65, 66, 67, 68, 69, 70, 71, 72, 73, 74, 75]

boundaryIDList
[[1, 1, 1, 1], [1, 1, 1, 1], [1, 1, 1, 1], [1, 1, 1, 1], [1, 1, 1, 1], [1, 1, 1, 1], [1, 1, 1, 1], [1, 1, 1, 1], [1, 1, 1, 1], [1, 1, 1, 1], [1, 1, 1, 1, 1, 1, 1, 1, 1, 1, 1, 1, 1, 1, 1, 1, 1, 1, 1, 1, 1, 1, 1, 1, 1, 1, 1, 1, 1, 1, 1, 1, 1, 1, 1, 1, 1, 1, 1, 1, 1, 1, 1, 1, 1, 1, 1, 1, 1, 1, 1, 1, 1, 1, 1, 1, 1, 1, 1, 1, 1, 1, 1, 1, 1, 1, 1, 5, 5, 5, 5, 5, 5, 5, 5, 5, 5, 5, 5, 5, 5, 5, 5, 5, 5, 5, 5, 5, 5, 5, 5, 5, 5, 5, 5, 5, 5, 5, 5, 5, 5, 5, 5, 5, 5, 5, 5, 5, 5, 5, 5, 5, 5, 5, 5, 5, 5, 5, 5, 5, 5, 5, 5, 5, 5, 5, 5, 5, 5, 5, 5, 5, 5, 5, 5, 5, 5, 5, 5, 5, 5, 5, 5, 5, 5, 5, 5, 5, 5, 5, 5, 5, 5, 5, 5, 5, 5, 5, 5, 5, 5, 5, 5, 5, 5, 5, 5, 5, 5, 5, 5, 5, 5, 5, 5, 5, 5, 1, 1, 1, 1, 1, 1, 1, 1, 1, 1, 1, 1, 1, 1, 1, 1, 1, 1, 1, 1, 1, 1, 1, 1, 1, 1, 1, 1, 1, 1, 1, 1, 1, 1, 1, 1, 1, 1, 1, 1, 1, 1, 1, 1, 1, 1, 1, 1, 1, 1, 1, 1, 1, 1, 1, 1, 1, 1, 1, 1, 1, 1, 1, 1, 1, 1, 1, 1, 1, 1, 1, 1, 1, 1, 1, 1, 1, 1, 1, 1, 1, 1, 1, 1, 1, 1, 1, 1, 1, 1, 1, 1, 1, 1, 1, 1, 1, 1, 1, 1, 1, 1, 1, 1, 1, 1, 1, 1, 1, 1, 1, 1, 1, 1, 1, 1, 1, 1, 1, 1, 1, 1, 1, 1, 1, 1, 1, 1, 1, 1, 1, 1, 1, 1, 1, 1, 1, 1, 1, 1, 1, 1, 1, 1, 1, 1, 1, 1, 1, 1, 1, 1, 1, 1, 1, 1, 1, 1, 1, 1, 1, 1, 1, 1, 1, 1, 1, 1, 1, 1, 1, 1, 1, 1, 1, 1, 1, 1, 1, 1, 1, 1, 1, 1, 1, 1, 1, 1, 1, 1, 1, 1, 1, 1, 1, 1, 1, 1, 1, 1, 1, 1, 1, 1, 1, 1, 1, 1], [1, 1, 1, 1, 1, 1, 1, 1, 1, 1, 1, 1, 1, 1, 1, 1], [1, 1, 1, 1, 1, 1, 1, 1, 1, 1, 1, 1, 1, 1, 1, 1, 1, 1, 1, 1, 1, 1, 1, 1, 1, 1, 1, 1, 1, 1, 1, 1, 1, 1, 1, 1, 1, 1, 1, 1, 1, 1, 1, 1, 1, 1, 1, 1], [1, 1, 1, 1], [1, 1, 1, 1], [1, 1, 1, 1], [1, 1, 1, 1], [1, 1, 1, 1], [1, 1, 1], [5, 5, 5, 5], [5, 5, 5, 5, 5, 5, 5, 5, 5, 5, 5, 5, 5, 5, 5, 5, 5], [5, 5, 5, 5], [5, 5, 5, 5, 5, 5, 5, 5, 5, 5, 5, 5, 5, 5, 5, 5], [5, 5, 5, 5, 5, 5], [5, 5, 5, 5, 5, 5], [5, 5, 5, 5], [5, 5, 5, 5, 5, 5, 5, 5, 5, 5, 5, 5, 5, 5, 5, 5, 5], [5, 5, 5, 5], [5, 5, 5, 5, 5, 5, 5, 5, 5, 5, 5, 5, 5, 5, 5, 5, 5, 5, 5, 5, 5, 5, 5, 5, 5, 5, 5, 5, 5, 5, 5, 5, 5, 5, 5, 5, 5, 5, 5, 5, 5], [1, 1, 1, 1], [1, 1, 1, 1], [1, 1, 1, 1, 1, 1, 1, 1, 1, 1, 1, 1, 1, 1, 1, 1, 1, 1, 1, 1, 1, 1, 1], [1, 1, 1, 1], [1, 1, 1, 1], [1, 1, 1, 1], [5, 5, 5, 5], [5, 5, 5, 5, 5, 5, 5, 5, 5, 5, 5, 5, 5, 5, 5, 5, 5, 5], [1, 1, 1, 1, 1, 1, 1, 1, 1], [1, 1, 1, 1, 1, 1, 1, 1, 1, 1, 1, 1, 1, 1], [1, 1, 1], [5, 5, 5, 5], [1, 1, 1, 1], [1, 1, 1, 1], [5, 5, 5, 5, 5, 5, 5, 5, 5, 5, 5, 5, 5, 5, 5, 5, 5, 5, 5, 1, 1, 1, 1, 1, 1, 1, 1, 1, 1, 1, 1, 1, 1, 1, 1, 1, 1, 1, 1, 1, 1, 1, 1, 1, 1, 1, 1, 1, 1, 1, 1, 1, 1, 1, 1, 1, 1, 1, 1, 1, 1, 1, 1, 1, 5, 5, 5, 5, 5, 5, 5, 5, 5, 5, 5, 5, 5, 5, 5, 5, 5, 5], [1, 1, 1, 1, 1, 1, 1, 1, 1, 1, 1, 1], [1, 1, 1, 1, 1, 1, 1], [1, 1, 1], [1, 1, 1, 1], [1, 1, 1, 1, 1, 1], [1, 1, 1, 1], [1, 1, 1, 1], [1, 1, 1, 1, 1, 1, 1, 1, 1, 1, 1, 1], [1, 1, 1, 1, 1, 1], [1, 1, 1, 1, 1, 1, 1, 1, 1, 1], [1, 1, 1, 1], [1, 1, 1, 1, 1, 1, 1, 1, 1, 1, 1, 1, 1, 1], [1, 1, 1, 1], [1, 1, 1, 1], [1, 1, 1, 1], [1, 1, 1, 1], [1, 1, 1, 1], [1, 1, 1, 1, 1, 1, 1, 1, 1, 1, 1, 1, 1, 1, 1, 1, 1, 1, 1, 1, 1, 1, 1, 1, 1, 1, 1, 1, 1], [1, 1, 1, 1, 1, 1, 1, 1, 1, 1, 1, 1, 1, 1, 1, 1, 1, 1, 1, 1, 1, 1, 1, 1, 1, 1, 1, 1, 1, 1, 1, 1, 1, 1, 1, 1, 1, 1, 1, 1, 1, 1, 1, 1, 1, 1, 1, 1, 1, 1, 1, 1, 1, 1, 1, 1, 1, 1, 1, 1, 1, 1, 1, 1, 1, 1, 1, 1, 1, 1, 1, 1, 1, 1, 1, 1], [1, 1, 1, 1], [1, 1, 1], [1, 1, 1, 1], [1, 1, 1, 1, 1, 1, 1, 1, 1, 1, 1, 1, 1, 1, 1], [1, 1, 1, 1], [1, 1, 1, 1], [1, 1, 1, 1], [1, 1, 1, 1], [1, 1, 1, 1], [1, 1, 1, 1], [1, 1, 1, 1], [1, 1, 1, 1], [1, 1, 1, 1]]

domainPoints
[[([-3982501.4711440001, 1538744.1830769996], [-3937246.7063285001, 1538744.1830769996]), ([-3937246.7063285001, 1538744.1830769996], [-3937246.7063285001, 1493489.4182614996]), ([-3937246.7063285001, 1493489.4182614996], [-3982501.4711440001, 1493489.4182614996]), ([-3982501.4711440001, 1493489.4182614996], [-3982501.4711440001, 1538744.1830769996])], [([-3620463.35262, 1493489.4182614996], [-3575208.5878045, 1493489.4182614996]), ([-3575208.5878045, 1493489.4182614996], [-3575208.5878045, 1448234.6534459996]), ([-3575208.5878045, 1448234.6534459996], [-3620463.35262, 1448234.6534459996]), ([-3620463.35262, 1448234.6534459996], [-3620463.35262, 1493489.4182614996])], [([-2353329.9377859998, 995687.00529099954], [-2308075.1729704998, 995687.00529099954]), ([-2308075.1729704998, 995687.00529099954], [-2308075.1729704998, 950432.24047549954]), ([-2308075.1729704998, 950432.24047549954], [-2353329.9377859998, 950432.24047549954]), ([-2353329.9377859998, 950432.24047549954], [-2353329.9377859998, 995687.00529099954])], [([-4525558.6489300001, 4525558.6608999996], [4525394.3141700011, 4525558.6608999996]), ([4525394.3141700011, 4525558.6608999996], [4525394.3141700011, -4525394.3021999998]), ([4525394.3141700011, -4525394.3021999998], [-4525558.6489300001, -4525394.3021999998]), ([-4525558.6489300001, -4525394.3021999998], [-4525558.6489300001, 4525558.6608999996])], [([1040777.4233765006, -4299120.4781224998], [1040777.4233765006, -4344375.2429379998]), ([1040777.4233765006, -4344375.2429379998], [1086032.1881920006, -4344375.2429379998]), ([1086032.1881920006, -4344375.2429379998], [1086032.1881920006, -4299120.4781224998]), ([1086032.1881920006, -4299120.4781224998], [1040777.4233765006, -4299120.4781224998])], [([-2489094.2322324999, 3213170.4812504994], [-2489094.2322324999, 3167915.7164349994]), ([-2489094.2322324999, 3167915.7164349994], [-2443839.4674169999, 3167915.7164349994]), ([-2443839.4674169999, 3167915.7164349994], [-2443839.4674169999, 3213170.4812504994]), ([-2443839.4674169999, 3213170.4812504994], [-2489094.2322324999, 3213170.4812504994])], [([769248.83448350057, -4118101.4188604997], [769248.83448350057, -4163356.1836759998]), ([769248.83448350057, -4163356.1836759998], [814503.59929900058, -4163356.1836759998]), ([814503.59929900058, -4163356.1836759998], [814503.59929900058, -4118101.4188604997]), ([814503.59929900058, -4118101.4188604997], [769248.83448350057, -4118101.4188604997])], [([-2353329.9377859998, 3213170.4812504994], [-2353329.9377859998, 3167915.7164349994]), ([-2353329.9377859998, 3167915.7164349994], [-2308075.1729704998, 3167915.7164349994]), ([-2308075.1729704998, 3167915.7164349994], [-2308075.1729704998, 3213170.4812504994]), ([-2308075.1729704998, 3213170.4812504994], [-2353329.9377859998, 3213170.4812504994])], [([1402815.5419005007, -3665553.7707055006], [1402815.5419005007, -3710808.5355210006]), ([1402815.5419005007, -3710808.5355210006], [1448070.3067160007, -3710808.5355210006]), ([1448070.3067160007, -3710808.5355210006], [1448070.3067160007, -3665553.7707055006]), ([1448070.3067160007, -3665553.7707055006], [1402815.5419005007, -3665553.7707055006])], [([-2534348.9970479999, 3122660.9516194994], [-2534348.9970479999, 3077406.1868039994]), ([-2534348.9970479999, 3077406.1868039994], [-2489094.2322324999, 3077406.1868039994]), ([-2489094.2322324999, 3077406.1868039994], [-2489094.2322324999, 3122660.9516194994]), ([-2489094.2322324999, 3122660.9516194994], [-2534348.9970479999, 3122660.9516194994])], [([1448070.3067160007, -2081637.0021630004], [1493325.0715315007, -2081637.0021630004]), ([1493325.0715315007, -2081637.0021630004], [1493325.0715315007, -2036382.2373475004]), ([1493325.0715315007, -2036382.2373475004], [1538579.8363470007, -2036382.2373475004]), ([1538579.8363470007, -2036382.2373475004], [1538579.8363470007, -1991127.4725320004]), ([1538579.8363470007, -1991127.4725320004], [1583834.6011625007, -1991127.4725320004]), ([1583834.6011625007, -1991127.4725320004], [1629089.3659780007, -1991127.4725320004]), ([1629089.3659780007, -1991127.4725320004], [1629089.3659780007, -1945872.7077165004]), ([1629089.3659780007, -1945872.7077165004], [1719598.8956090007, -1945872.7077165004]), ([1719598.8956090007, -1945872.7077165004], [1764853.6604245007, -1945872.7077165004]), ([1764853.6604245007, -1945872.7077165004], [1764853.6604245007, -1900617.9429010004]), ([1764853.6604245007, -1900617.9429010004], [1810108.4252400007, -1900617.9429010004]), ([1810108.4252400007, -1900617.9429010004], [1855363.1900555007, -1900617.9429010004]), ([1855363.1900555007, -1900617.9429010004], [1855363.1900555007, -1855363.1780855004]), ([1855363.1900555007, -1855363.1780855004], [1900617.9548710007, -1855363.1780855004]), ([1900617.9548710007, -1855363.1780855004], [1900617.9548710007, -1764853.6484545004]), ([1900617.9548710007, -1764853.6484545004], [1945872.7196865007, -1764853.6484545004]), ([1945872.7196865007, -1764853.6484545004], [1945872.7196865007, -1719598.8836390004]), ([1945872.7196865007, -1719598.8836390004], [1991127.4845020007, -1719598.8836390004]), ([1991127.4845020007, -1719598.8836390004], [1991127.4845020007, -1538579.8243770003]), ([1991127.4845020007, -1538579.8243770003], [2081637.0141330007, -1538579.8243770003]), ([2081637.0141330007, -1538579.8243770003], [2126891.7789485008, -1538579.8243770003]), ([2126891.7789485008, -1538579.8243770003], [2126891.7789485008, -1402815.5299305003]), ([2126891.7789485008, -1402815.5299305003], [2172146.5437640008, -1402815.5299305003]), ([2172146.5437640008, -1402815.5299305003], [2172146.5437640008, -1267051.2354840003]), ([2172146.5437640008, -1267051.2354840003], [2217401.3085795008, -1267051.2354840003]), ([2217401.3085795008, -1267051.2354840003], [2217401.3085795008, -1176541.7058530003]), ([2217401.3085795008, -1176541.7058530003], [2262656.0733950008, -1176541.7058530003]), ([2262656.0733950008, -1176541.7058530003], [2262656.0733950008, -1131286.9410375003]), ([2262656.0733950008, -1131286.9410375003], [2307910.8382105008, -1131286.9410375003]), ([2307910.8382105008, -1131286.9410375003], [2353165.6030260008, -1131286.9410375003]), ([2353165.6030260008, -1131286.9410375003], [2353165.6030260008, -1086032.1762220003]), ([2353165.6030260008, -1086032.1762220003], [2398420.3678415008, -1086032.1762220003]), ([2398420.3678415008, -1086032.1762220003], [2443675.1326570008, -1086032.1762220003]), ([2443675.1326570008, -1086032.1762220003], [2443675.1326570008, -905013.11696000025]), ([2443675.1326570008, -905013.11696000025], [2398420.3678415008, -905013.11696000025]), ([2398420.3678415008, -905013.11696000025], [2398420.3678415008, -814503.58732900023]), ([2398420.3678415008, -814503.58732900023], [2443675.1326570008, -814503.58732900023]), ([2443675.1326570008, -814503.58732900023], [2443675.1326570008, -769248.82251350023]), ([2443675.1326570008, -769248.82251350023], [2488929.8974725008, -769248.82251350023]), ([2488929.8974725008, -769248.82251350023], [2488929.8974725008, -723994.05769800022]), ([2488929.8974725008, -723994.05769800022], [2534184.6622880008, -723994.05769800022]), ([2534184.6622880008, -723994.05769800022], [2534184.6622880008, -633484.52806700021]), ([2534184.6622880008, -633484.52806700021], [2579439.4271035008, -633484.52806700021]), ([2579439.4271035008, -633484.52806700021], [2624694.1919190008, -633484.52806700021]), ([2624694.1919190008, -633484.52806700021], [2624694.1919190008, -588229.7632515002]), ([2624694.1919190008, -588229.7632515002], [2579439.4271035008, -588229.7632515002]), ([2579439.4271035008, -588229.7632515002], [2579439.4271035008, -542974.9984360002]), ([2579439.4271035008, -542974.9984360002], [2624694.1919190008, -542974.9984360002]), ([2624694.1919190008, -542974.9984360002], [2669948.9567345008, -542974.9984360002]), ([2669948.9567345008, -542974.9984360002], [2669948.9567345008, -497720.23362050019]), ([2669948.9567345008, -497720.23362050019], [2624694.1919190008, -497720.23362050019]), ([2624694.1919190008, -497720.23362050019], [2624694.1919190008, -407210.70398950018]), ([2624694.1919190008, -407210.70398950018], [2669948.9567345008, -407210.70398950018]), ([2669948.9567345008, -407210.70398950018], [2669948.9567345008, -361955.93917400017]), ([2669948.9567345008, -361955.93917400017], [2715203.7215500008, -361955.93917400017]), ([2715203.7215500008, -361955.93917400017], [2715203.7215500008, -271446.40954300016]), ([2715203.7215500008, -271446.40954300016], [2624694.1919190008, -271446.40954300016]), ([2624694.1919190008, -271446.40954300016], [2624694.1919190008, -226191.64472750016]), ([2624694.1919190008, -226191.64472750016], [2579439.4271035008, -226191.64472750016]), ([2579439.4271035008, -226191.64472750016], [2579439.4271035008, 82.17934999987483]), ([2579439.4271035008, 82.17934999987483], [2534184.6622880008, 82.17934999987483]), ([2534184.6622880008, 82.17934999987483], [2534184.6622880008, 45336.944165499881]), ([2534184.6622880008, 45336.944165499881], [2579439.4271035008, 45336.944165499881]), ([2579439.4271035008, 45336.944165499881], [2579439.4271035008, 271610.76824299991]), ([2579439.4271035008, 271610.76824299991], [2488929.8974725008, 271610.76824299991]), ([2488929.8974725008, 271610.76824299991], [2488929.8974725008, 362120.29787399946]), ([2488929.8974725008, 362120.29787399946], [2398420.3678415008, 362120.29787399946]), ([2398420.3678415008, 362120.29787399946], [2398420.3678415008, 452629.82750499947]), ([2398420.3678415008, 452629.82750499947], [2307910.8382105008, 452629.82750499947]), ([2307910.8382105008, 452629.82750499947], [2307910.8382105008, 497884.59232049948]), ([2307910.8382105008, 497884.59232049948], [2217401.3085795008, 497884.59232049948]), ([2217401.3085795008, 497884.59232049948], [2217401.3085795008, 543139.35713599948]), ([2217401.3085795008, 543139.35713599948], [2172146.5437640008, 543139.35713599948]), ([2172146.5437640008, 543139.35713599948], [2172146.5437640008, 588394.12195149949]), ([2172146.5437640008, 588394.12195149949], [2126891.7789485008, 588394.12195149949]), ([2126891.7789485008, 588394.12195149949], [2126891.7789485008, 633648.88676699949]), ([2126891.7789485008, 633648.88676699949], [2172146.5437640008, 633648.88676699949]), ([2172146.5437640008, 633648.88676699949], [2217401.3085795008, 633648.88676699949]), ([2217401.3085795008, 633648.88676699949], [2217401.3085795008, 814667.94602899952]), ([2217401.3085795008, 814667.94602899952], [2262656.0733950008, 814667.94602899952]), ([2262656.0733950008, 814667.94602899952], [2262656.0733950008, 995687.00529099954]), ([2262656.0733950008, 995687.00529099954], [2217401.3085795008, 995687.00529099954]), ([2217401.3085795008, 995687.00529099954], [2217401.3085795008, 1131451.2997374996]), ([2217401.3085795008, 1131451.2997374996], [2172146.5437640008, 1131451.2997374996]), ([2172146.5437640008, 1131451.2997374996], [2172146.5437640008, 1267215.5941839996]), ([2172146.5437640008, 1267215.5941839996], [2126891.7789485008, 1267215.5941839996]), ([2126891.7789485008, 1267215.5941839996], [2126891.7789485008, 1402979.8886304996]), ([2126891.7789485008, 1402979.8886304996], [2172146.5437640008, 1402979.8886304996]), ([2172146.5437640008, 1402979.8886304996], [2172146.5437640008, 1583998.9478924996]), ([2172146.5437640008, 1583998.9478924996], [2126891.7789485008, 1583998.9478924996]), ([2126891.7789485008, 1583998.9478924996], [2126891.7789485008, 1629253.7127079996]), ([2126891.7789485008, 1629253.7127079996], [2036382.2493175007, 1629253.7127079996]), ([2036382.2493175007, 1629253.7127079996], [2036382.2493175007, 1674508.4775234996]), ([2036382.2493175007, 1674508.4775234996], [1991127.4845020007, 1674508.4775234996]), ([1991127.4845020007, 1674508.4775234996], [1991127.4845020007, 1629253.7127079996]), ([1991127.4845020007, 1629253.7127079996], [1945872.7196865007, 1629253.7127079996]), ([1945872.7196865007, 1629253.7127079996], [1945872.7196865007, 1719763.2423389996]), ([1945872.7196865007, 1719763.2423389996], [1900617.9548710007, 1719763.2423389996]), ([1900617.9548710007, 1719763.2423389996], [1900617.9548710007, 1629253.7127079996]), ([1900617.9548710007, 1629253.7127079996], [1810108.4252400007, 1629253.7127079996]), ([1810108.4252400007, 1629253.7127079996], [1810108.4252400007, 1719763.2423389996]), ([1810108.4252400007, 1719763.2423389996], [1674344.1307935007, 1719763.2423389996]), ([1674344.1307935007, 1719763.2423389996], [1674344.1307935007, 1765018.0071544996]), ([1674344.1307935007, 1765018.0071544996], [1448070.3067160007, 1765018.0071544996]), ([1448070.3067160007, 1765018.0071544996], [1448070.3067160007, 1719763.2423389996]), ([1448070.3067160007, 1719763.2423389996], [1357560.7770850006, 1719763.2423389996]), ([1357560.7770850006, 1719763.2423389996], [1357560.7770850006, 1855527.5367854997]), ([1357560.7770850006, 1855527.5367854997], [1312306.0122695006, 1855527.5367854997]), ([1312306.0122695006, 1855527.5367854997], [1312306.0122695006, 1946037.0664164997]), ([1312306.0122695006, 1946037.0664164997], [1131286.9530075006, 1946037.0664164997]), ([1131286.9530075006, 1946037.0664164997], [1131286.9530075006, 1991291.8312319997]), ([1131286.9530075006, 1991291.8312319997], [1086032.1881920006, 1991291.8312319997]), ([1086032.1881920006, 1991291.8312319997], [1086032.1881920006, 1946037.0664164997]), ([1086032.1881920006, 1946037.0664164997], [950267.89374550059, 1946037.0664164997]), ([950267.89374550059, 1946037.0664164997], [950267.89374550059, 1991291.8312319997]), ([950267.89374550059, 1991291.8312319997], [814503.59929900058, 1991291.8312319997]), ([814503.59929900058, 1991291.8312319997], [814503.59929900058, 2081801.3608629997]), ([814503.59929900058, 2081801.3608629997], [678739.30485250056, 2081801.3608629997]), ([678739.30485250056, 2081801.3608629997], [678739.30485250056, 2127056.1256784997]), ([678739.30485250056, 2127056.1256784997], [588229.77522150055, 2127056.1256784997]), ([588229.77522150055, 2127056.1256784997], [588229.77522150055, 2172310.8904939997]), ([588229.77522150055, 2172310.8904939997], [497720.24559050053, 2172310.8904939997]), ([497720.24559050053, 2172310.8904939997], [497720.24559050053, 2127056.1256784997]), ([497720.24559050053, 2127056.1256784997], [452465.48077500053, 2127056.1256784997]), ([452465.48077500053, 2127056.1256784997], [452465.48077500053, 2172310.8904939997]), ([452465.48077500053, 2172310.8904939997], [90427.362251000479, 2172310.8904939997]), ([90427.362251000479, 2172310.8904939997], [90427.362251000479, 2217565.6553094997]), ([90427.362251000479, 2217565.6553094997], [-45336.932195499539, 2217565.6553094997]), ([-45336.932195499539, 2217565.6553094997], [-45336.932195499539, 2172310.8904939997]), ([-45336.932195499539, 2172310.8904939997], [-90591.697010999545, 2172310.8904939997]), ([-90591.697010999545, 2172310.8904939997], [-135846.46182649955, 2172310.8904939997]), ([-135846.46182649955, 2172310.8904939997], [-135846.46182649955, 2127056.1256784997]), ([-135846.46182649955, 2127056.1256784997], [-181101.22664199956, 2127056.1256784997]), ([-181101.22664199956, 2127056.1256784997], [-271610.75627299957, 2127056.1256784997]), ([-271610.75627299957, 2127056.1256784997], [-271610.75627299957, 2081801.3608629997]), ([-271610.75627299957, 2081801.3608629997], [-316865.52108849958, 2081801.3608629997]), ([-316865.52108849958, 2081801.3608629997], [-362120.28590399958, 2081801.3608629997]), ([-362120.28590399958, 2081801.3608629997], [-362120.28590399958, 2036546.5960474997]), ([-362120.28590399958, 2036546.5960474997], [-407375.05071949959, 2036546.5960474997]), ([-407375.05071949959, 2036546.5960474997], [-407375.05071949959, 1946037.0664164997]), ([-407375.05071949959, 1946037.0664164997], [-452629.81553499959, 1946037.0664164997]), ([-452629.81553499959, 1946037.0664164997], [-452629.81553499959, 1900782.3016009997]), ([-452629.81553499959, 1900782.3016009997], [-497884.5803504996, 1900782.3016009997]), ([-497884.5803504996, 1900782.3016009997], [-497884.5803504996, 1855527.5367854997]), ([-497884.5803504996, 1855527.5367854997], [-543139.34516599961, 1855527.5367854997]), ([-543139.34516599961, 1855527.5367854997], [-543139.34516599961, 1810272.7719699997]), ([-543139.34516599961, 1810272.7719699997], [-588394.10998149961, 1810272.7719699997]), ([-588394.10998149961, 1810272.7719699997], [-633648.87479699962, 1810272.7719699997]), ([-633648.87479699962, 1810272.7719699997], [-633648.87479699962, 1583998.9478924996]), ([-633648.87479699962, 1583998.9478924996], [-678903.63961249962, 1583998.9478924996]), ([-678903.63961249962, 1583998.9478924996], [-678903.63961249962, 1629253.7127079996]), ([-678903.63961249962, 1629253.7127079996], [-724158.40442799963, 1629253.7127079996]), ([-724158.40442799963, 1629253.7127079996], [-724158.40442799963, 1583998.9478924996]), ([-724158.40442799963, 1583998.9478924996], [-769413.16924349964, 1583998.9478924996]), ([-769413.16924349964, 1583998.9478924996], [-769413.16924349964, 1538744.1830769996]), ([-769413.16924349964, 1538744.1830769996], [-724158.40442799963, 1538744.1830769996]), ([-724158.40442799963, 1538744.1830769996], [-724158.40442799963, 1493489.4182614996]), ([-724158.40442799963, 1493489.4182614996], [-678903.63961249962, 1493489.4182614996]), ([-678903.63961249962, 1493489.4182614996], [-678903.63961249962, 1448234.6534459996]), ([-678903.63961249962, 1448234.6534459996], [-724158.40442799963, 1448234.6534459996]), ([-724158.40442799963, 1448234.6534459996], [-724158.40442799963, 1402979.8886304996]), ([-724158.40442799963, 1402979.8886304996], [-678903.63961249962, 1402979.8886304996]), ([-678903.63961249962, 1402979.8886304996], [-678903.63961249962, 1312470.3589994996]), ([-678903.63961249962, 1312470.3589994996], [-724158.40442799963, 1312470.3589994996]), ([-724158.40442799963, 1312470.3589994996], [-724158.40442799963, 1176706.0645529996]), ([-724158.40442799963, 1176706.0645529996], [-769413.16924349964, 1176706.0645529996]), ([-769413.16924349964, 1176706.0645529996], [-769413.16924349964, 995687.00529099954]), ([-769413.16924349964, 995687.00529099954], [-814667.93405899964, 995687.00529099954]), ([-814667.93405899964, 995687.00529099954], [-814667.93405899964, 950432.24047549954]), ([-814667.93405899964, 950432.24047549954], [-859922.69887449965, 950432.24047549954]), ([-859922.69887449965, 950432.24047549954], [-859922.69887449965, 905177.47565999953]), ([-859922.69887449965, 905177.47565999953], [-905177.46368999965, 905177.47565999953]), ([-905177.46368999965, 905177.47565999953], [-905177.46368999965, 950432.24047549954]), ([-905177.46368999965, 950432.24047549954], [-950432.22850549966, 950432.24047549954]), ([-950432.22850549966, 950432.24047549954], [-950432.22850549966, 905177.47565999953]), ([-950432.22850549966, 905177.47565999953], [-995686.99332099967, 905177.47565999953]), ([-995686.99332099967, 905177.47565999953], [-1221960.8173984997, 905177.47565999953]), ([-1221960.8173984997, 905177.47565999953], [-1221960.8173984997, 859922.71084449952]), ([-1221960.8173984997, 859922.71084449952], [-1267215.5822139997, 859922.71084449952]), ([-1267215.5822139997, 859922.71084449952], [-1357725.1118449997, 859922.71084449952]), ([-1357725.1118449997, 859922.71084449952], [-1357725.1118449997, 814667.94602899952]), ([-1357725.1118449997, 814667.94602899952], [-1493489.4062914997, 814667.94602899952]), ([-1493489.4062914997, 814667.94602899952], [-1493489.4062914997, 859922.71084449952]), ([-1493489.4062914997, 859922.71084449952], [-1583998.9359224997, 859922.71084449952]), ([-1583998.9359224997, 859922.71084449952], [-1583998.9359224997, 950432.24047549954]), ([-1583998.9359224997, 950432.24047549954], [-1719763.2303689998, 950432.24047549954]), ([-1719763.2303689998, 950432.24047549954], [-1719763.2303689998, 995687.00529099954]), ([-1719763.2303689998, 995687.00529099954], [-1810272.7599999998, 995687.00529099954]), ([-1810272.7599999998, 995687.00529099954], [-1810272.7599999998, 1040941.7701064995]), ([-1810272.7599999998, 1040941.7701064995], [-1900782.2896309998, 1040941.7701064995]), ([-1900782.2896309998, 1040941.7701064995], [-1900782.2896309998, 1086196.5349219996]), ([-1900782.2896309998, 1086196.5349219996], [-1991291.8192619998, 1086196.5349219996]), ([-1991291.8192619998, 1086196.5349219996], [-1991291.8192619998, 1131451.2997374996]), ([-1991291.8192619998, 1131451.2997374996], [-2036546.5840774998, 1131451.2997374996]), ([-2036546.5840774998, 1131451.2997374996], [-2036546.5840774998, 1176706.0645529996]), ([-2036546.5840774998, 1176706.0645529996], [-2172310.8785239998, 1176706.0645529996]), ([-2172310.8785239998, 1176706.0645529996], [-2172310.8785239998, 1267215.5941839996]), ([-2172310.8785239998, 1267215.5941839996], [-2262820.4081549998, 1267215.5941839996]), ([-2262820.4081549998, 1267215.5941839996], [-2262820.4081549998, 1312470.3589994996]), ([-2262820.4081549998, 1312470.3589994996], [-2308075.1729704998, 1312470.3589994996]), ([-2308075.1729704998, 1312470.3589994996], [-2308075.1729704998, 1267215.5941839996]), ([-2308075.1729704998, 1267215.5941839996], [-2398584.7026014999, 1267215.5941839996]), ([-2398584.7026014999, 1267215.5941839996], [-2398584.7026014999, 1357725.1238149996]), ([-2398584.7026014999, 1357725.1238149996], [-2443839.4674169999, 1357725.1238149996]), ([-2443839.4674169999, 1357725.1238149996], [-2443839.4674169999, 1493489.4182614996]), ([-2443839.4674169999, 1493489.4182614996], [-2398584.7026014999, 1493489.4182614996]), ([-2398584.7026014999, 1493489.4182614996], [-2353329.9377859998, 1493489.4182614996]), ([-2353329.9377859998, 1493489.4182614996], [-2353329.9377859998, 1583998.9478924996]), ([-2353329.9377859998, 1583998.9478924996], [-2398584.7026014999, 1583998.9478924996]), ([-2398584.7026014999, 1583998.9478924996], [-2398584.7026014999, 1538744.1830769996]), ([-2398584.7026014999, 1538744.1830769996], [-2443839.4674169999, 1538744.1830769996]), ([-2443839.4674169999, 1538744.1830769996], [-2489094.2322324999, 1538744.1830769996]), ([-2489094.2322324999, 1538744.1830769996], [-2489094.2322324999, 1267215.5941839996]), ([-2489094.2322324999, 1267215.5941839996], [-2534348.9970479999, 1267215.5941839996]), ([-2534348.9970479999, 1267215.5941839996], [-2534348.9970479999, 1221960.8293684996]), ([-2534348.9970479999, 1221960.8293684996], [-2489094.2322324999, 1221960.8293684996]), ([-2489094.2322324999, 1221960.8293684996], [-2489094.2322324999, 1267215.5941839996]), ([-2489094.2322324999, 1267215.5941839996], [-2443839.4674169999, 1267215.5941839996]), ([-2443839.4674169999, 1267215.5941839996], [-2443839.4674169999, 1176706.0645529996]), ([-2443839.4674169999, 1176706.0645529996], [-2398584.7026014999, 1176706.0645529996]), ([-2398584.7026014999, 1176706.0645529996], [-2398584.7026014999, 1086196.5349219996]), ([-2398584.7026014999, 1086196.5349219996], [-2353329.9377859998, 1086196.5349219996]), ([-2353329.9377859998, 1086196.5349219996], [-2353329.9377859998, 995687.00529099954]), ([-2353329.9377859998, 995687.00529099954], [-2398584.7026014999, 995687.00529099954]), ([-2398584.7026014999, 995687.00529099954], [-2398584.7026014999, 950432.24047549954]), ([-2398584.7026014999, 950432.24047549954], [-2353329.9377859998, 950432.24047549954]), ([-2353329.9377859998, 950432.24047549954], [-2353329.9377859998, 905177.47565999953]), ([-2353329.9377859998, 905177.47565999953], [-2308075.1729704998, 905177.47565999953]), ([-2308075.1729704998, 905177.47565999953], [-2308075.1729704998, 859922.71084449952]), ([-2308075.1729704998, 859922.71084449952], [-2262820.4081549998, 859922.71084449952]), ([-2262820.4081549998, 859922.71084449952], [-2262820.4081549998, 905177.47565999953]), ([-2262820.4081549998, 905177.47565999953], [-2308075.1729704998, 905177.47565999953]), ([-2308075.1729704998, 905177.47565999953], [-2308075.1729704998, 950432.24047549954]), ([-2308075.1729704998, 950432.24047549954], [-2217565.6433394998, 950432.24047549954]), ([-2217565.6433394998, 950432.24047549954], [-2217565.6433394998, 905177.47565999953]), ([-2217565.6433394998, 905177.47565999953], [-2081801.3488929998, 905177.47565999953]), ([-2081801.3488929998, 905177.47565999953], [-2081801.3488929998, 859922.71084449952]), ([-2081801.3488929998, 859922.71084449952], [-2127056.1137084998, 859922.71084449952]), ([-2127056.1137084998, 859922.71084449952], [-2127056.1137084998, 814667.94602899952]), ([-2127056.1137084998, 814667.94602899952], [-2036546.5840774998, 814667.94602899952]), ([-2036546.5840774998, 814667.94602899952], [-2036546.5840774998, 769413.18121349951]), ([-2036546.5840774998, 769413.18121349951], [-2081801.3488929998, 769413.18121349951]), ([-2081801.3488929998, 769413.18121349951], [-2217565.6433394998, 769413.18121349951]), ([-2217565.6433394998, 769413.18121349951], [-2217565.6433394998, 724158.41639799951]), ([-2217565.6433394998, 724158.41639799951], [-2127056.1137084998, 724158.41639799951]), ([-2127056.1137084998, 724158.41639799951], [-2127056.1137084998, 678903.6515824995]), ([-2127056.1137084998, 678903.6515824995], [-2081801.3488929998, 678903.6515824995]), ([-2081801.3488929998, 678903.6515824995], [-2081801.3488929998, 588394.12195149949]), ([-2081801.3488929998, 588394.12195149949], [-2127056.1137084998, 588394.12195149949]), ([-2127056.1137084998, 588394.12195149949], [-2172310.8785239998, 588394.12195149949]), ([-2172310.8785239998, 588394.12195149949], [-2172310.8785239998, 543139.35713599948]), ([-2172310.8785239998, 543139.35713599948], [-2081801.3488929998, 543139.35713599948]), ([-2081801.3488929998, 543139.35713599948], [-2081801.3488929998, 588394.12195149949]), ([-2081801.3488929998, 588394.12195149949], [-2036546.5840774998, 588394.12195149949]), ([-2036546.5840774998, 588394.12195149949], [-2036546.5840774998, 497884.59232049948]), ([-2036546.5840774998, 497884.59232049948], [-1991291.8192619998, 497884.59232049948]), ([-1991291.8192619998, 497884.59232049948], [-1991291.8192619998, 588394.12195149949]), ([-1991291.8192619998, 588394.12195149949], [-1946037.0544464998, 588394.12195149949]), ([-1946037.0544464998, 588394.12195149949], [-1946037.0544464998, 497884.59232049948]), ([-1946037.0544464998, 497884.59232049948], [-1900782.2896309998, 497884.59232049948]), ([-1900782.2896309998, 497884.59232049948], [-1900782.2896309998, 588394.12195149949]), ([-1900782.2896309998, 588394.12195149949], [-1855527.5248154998, 588394.12195149949]), ([-1855527.5248154998, 588394.12195149949], [-1855527.5248154998, 543139.35713599948]), ([-1855527.5248154998, 543139.35713599948], [-1810272.7599999998, 543139.35713599948]), ([-1810272.7599999998, 543139.35713599948], [-1810272.7599999998, 588394.12195149949]), ([-1810272.7599999998, 588394.12195149949], [-1765017.9951844998, 588394.12195149949]), ([-1765017.9951844998, 588394.12195149949], [-1765017.9951844998, 497884.59232049948]), ([-1765017.9951844998, 497884.59232049948], [-1810272.7599999998, 497884.59232049948]), ([-1810272.7599999998, 497884.59232049948], [-1810272.7599999998, 452629.82750499947]), ([-1810272.7599999998, 452629.82750499947], [-1855527.5248154998, 452629.82750499947]), ([-1855527.5248154998, 452629.82750499947], [-1855527.5248154998, 407375.06268949946]), ([-1855527.5248154998, 407375.06268949946], [-1900782.2896309998, 407375.06268949946]), ([-1900782.2896309998, 407375.06268949946], [-1900782.2896309998, 362120.29787399946]), ([-1900782.2896309998, 362120.29787399946], [-1810272.7599999998, 362120.29787399946]), ([-1810272.7599999998, 362120.29787399946], [-1810272.7599999998, 271610.76824299991]), ([-1810272.7599999998, 271610.76824299991], [-1765017.9951844998, 271610.76824299991]), ([-1765017.9951844998, 271610.76824299991], [-1765017.9951844998, 181101.2386119999]), ([-1765017.9951844998, 181101.2386119999], [-1810272.7599999998, 181101.2386119999]), ([-1810272.7599999998, 181101.2386119999], [-1810272.7599999998, 135846.47379649989]), ([-1810272.7599999998, 135846.47379649989], [-1855527.5248154998, 135846.47379649989]), ([-1855527.5248154998, 135846.47379649989], [-1855527.5248154998, 45336.944165499881]), ([-1855527.5248154998, 45336.944165499881], [-1900782.2896309998, 45336.944165499881]), ([-1900782.2896309998, 45336.944165499881], [-1900782.2896309998, -180936.87991200015]), ([-1900782.2896309998, -180936.87991200015], [-1946037.0544464998, -180936.87991200015]), ([-1946037.0544464998, -180936.87991200015], [-1946037.0544464998, -271446.40954300016]), ([-1946037.0544464998, -271446.40954300016], [-1991291.8192619998, -271446.40954300016]), ([-1991291.8192619998, -271446.40954300016], [-1991291.8192619998, -316701.17435850017]), ([-1991291.8192619998, -316701.17435850017], [-1946037.0544464998, -316701.17435850017]), ([-1946037.0544464998, -316701.17435850017], [-1946037.0544464998, -407210.70398950018]), ([-1946037.0544464998, -407210.70398950018], [-1900782.2896309998, -407210.70398950018]), ([-1900782.2896309998, -407210.70398950018], [-1900782.2896309998, -452465.46880500019]), ([-1900782.2896309998, -452465.46880500019], [-1810272.7599999998, -452465.46880500019]), ([-1810272.7599999998, -452465.46880500019], [-1810272.7599999998, -497720.23362050019]), ([-1810272.7599999998, -497720.23362050019], [-1765017.9951844998, -497720.23362050019]), ([-1765017.9951844998, -497720.23362050019], [-1765017.9951844998, -452465.46880500019]), ([-1765017.9951844998, -452465.46880500019], [-1810272.7599999998, -452465.46880500019]), ([-1810272.7599999998, -452465.46880500019], [-1810272.7599999998, -407210.70398950018]), ([-1810272.7599999998, -407210.70398950018], [-1765017.9951844998, -407210.70398950018]), ([-1765017.9951844998, -407210.70398950018], [-1719763.2303689998, -407210.70398950018]), ([-1719763.2303689998, -407210.70398950018], [-1719763.2303689998, -361955.93917400017]), ([-1719763.2303689998, -361955.93917400017], [-1674508.4655534998, -361955.93917400017]), ([-1674508.4655534998, -361955.93917400017], [-1629253.7007379998, -361955.93917400017]), ([-1629253.7007379998, -361955.93917400017], [-1629253.7007379998, -316701.17435850017]), ([-1629253.7007379998, -316701.17435850017], [-1583998.9359224997, -316701.17435850017]), ([-1583998.9359224997, -316701.17435850017], [-1583998.9359224997, -497720.23362050019]), ([-1583998.9359224997, -497720.23362050019], [-1538744.1711069997, -497720.23362050019]), ([-1538744.1711069997, -497720.23362050019], [-1538744.1711069997, -542974.9984360002]), ([-1538744.1711069997, -542974.9984360002], [-1583998.9359224997, -542974.9984360002]), ([-1583998.9359224997, -542974.9984360002], [-1583998.9359224997, -588229.7632515002]), ([-1583998.9359224997, -588229.7632515002], [-1629253.7007379998, -588229.7632515002]), ([-1629253.7007379998, -588229.7632515002], [-1629253.7007379998, -633484.52806700021]), ([-1629253.7007379998, -633484.52806700021], [-1583998.9359224997, -633484.52806700021]), ([-1583998.9359224997, -633484.52806700021], [-1583998.9359224997, -814503.58732900023]), ([-1583998.9359224997, -814503.58732900023], [-1538744.1711069997, -814503.58732900023]), ([-1538744.1711069997, -814503.58732900023], [-1538744.1711069997, -905013.11696000025]), ([-1538744.1711069997, -905013.11696000025], [-1493489.4062914997, -905013.11696000025]), ([-1493489.4062914997, -905013.11696000025], [-1493489.4062914997, -995522.64659100026]), ([-1493489.4062914997, -995522.64659100026], [-1448234.6414759997, -995522.64659100026]), ([-1448234.6414759997, -995522.64659100026], [-1448234.6414759997, -1040777.4114065003]), ([-1448234.6414759997, -1040777.4114065003], [-1493489.4062914997, -1040777.4114065003]), ([-1493489.4062914997, -1040777.4114065003], [-1493489.4062914997, -1086032.1762220003]), ([-1493489.4062914997, -1086032.1762220003], [-1312470.3470294997, -1086032.1762220003]), ([-1312470.3470294997, -1086032.1762220003], [-1312470.3470294997, -1131286.9410375003]), ([-1312470.3470294997, -1131286.9410375003], [-1267215.5822139997, -1131286.9410375003]), ([-1267215.5822139997, -1131286.9410375003], [-1267215.5822139997, -1176541.7058530003]), ([-1267215.5822139997, -1176541.7058530003], [-1176706.0525829997, -1176541.7058530003]), ([-1176706.0525829997, -1176541.7058530003], [-1176706.0525829997, -1221796.4706685003]), ([-1176706.0525829997, -1221796.4706685003], [-995686.99332099967, -1221796.4706685003]), ([-995686.99332099967, -1221796.4706685003], [-995686.99332099967, -1267051.2354840003]), ([-995686.99332099967, -1267051.2354840003], [-950432.22850549966, -1267051.2354840003]), ([-950432.22850549966, -1267051.2354840003], [-950432.22850549966, -1312306.0002995003]), ([-950432.22850549966, -1312306.0002995003], [-769413.16924349964, -1312306.0002995003]), ([-769413.16924349964, -1312306.0002995003], [-769413.16924349964, -1267051.2354840003]), ([-769413.16924349964, -1267051.2354840003], [-724158.40442799963, -1267051.2354840003]), ([-724158.40442799963, -1267051.2354840003], [-724158.40442799963, -1221796.4706685003]), ([-724158.40442799963, -1221796.4706685003], [-633648.87479699962, -1221796.4706685003]), ([-633648.87479699962, -1221796.4706685003], [-633648.87479699962, -1267051.2354840003]), ([-633648.87479699962, -1267051.2354840003], [-588394.10998149961, -1267051.2354840003]), ([-588394.10998149961, -1267051.2354840003], [-588394.10998149961, -1312306.0002995003]), ([-588394.10998149961, -1312306.0002995003], [-497884.5803504996, -1312306.0002995003]), ([-497884.5803504996, -1312306.0002995003], [-497884.5803504996, -1221796.4706685003]), ([-497884.5803504996, -1221796.4706685003], [-407375.05071949959, -1221796.4706685003]), ([-407375.05071949959, -1221796.4706685003], [-362120.28590399958, -1221796.4706685003]), ([-362120.28590399958, -1221796.4706685003], [-362120.28590399958, -1176541.7058530003]), ([-362120.28590399958, -1176541.7058530003], [-316865.52108849958, -1176541.7058530003]), ([-316865.52108849958, -1176541.7058530003], [-316865.52108849958, -1221796.4706685003]), ([-316865.52108849958, -1221796.4706685003], [-181101.22664199956, -1221796.4706685003]), ([-181101.22664199956, -1221796.4706685003], [-181101.22664199956, -1267051.2354840003]), ([-181101.22664199956, -1267051.2354840003], [-90591.697010999545, -1267051.2354840003]), ([-90591.697010999545, -1267051.2354840003], [-90591.697010999545, -1312306.0002995003]), ([-90591.697010999545, -1312306.0002995003], [90427.362251000479, -1312306.0002995003]), ([90427.362251000479, -1312306.0002995003], [90427.362251000479, -1357560.7651150003]), ([90427.362251000479, -1357560.7651150003], [316701.18632850051, -1357560.7651150003]), ([316701.18632850051, -1357560.7651150003], [316701.18632850051, -1267051.2354840003]), ([316701.18632850051, -1267051.2354840003], [361955.95114400052, -1267051.2354840003]), ([361955.95114400052, -1267051.2354840003], [361955.95114400052, -1312306.0002995003]), ([361955.95114400052, -1312306.0002995003], [407210.71595950052, -1312306.0002995003]), ([407210.71595950052, -1312306.0002995003], [407210.71595950052, -1402815.5299305003]), ([407210.71595950052, -1402815.5299305003], [452465.48077500053, -1402815.5299305003]), ([452465.48077500053, -1402815.5299305003], [452465.48077500053, -1674344.1188235004]), ([452465.48077500053, -1674344.1188235004], [407210.71595950052, -1674344.1188235004]), ([407210.71595950052, -1674344.1188235004], [407210.71595950052, -1764853.6484545004]), ([407210.71595950052, -1764853.6484545004], [361955.95114400052, -1764853.6484545004]), ([361955.95114400052, -1764853.6484545004], [361955.95114400052, -1810108.4132700004]), ([361955.95114400052, -1810108.4132700004], [316701.18632850051, -1810108.4132700004]), ([316701.18632850051, -1810108.4132700004], [316701.18632850051, -1991127.4725320004]), ([316701.18632850051, -1991127.4725320004], [407210.71595950052, -1991127.4725320004]), ([407210.71595950052, -1991127.4725320004], [407210.71595950052, -2036382.2373475004]), ([407210.71595950052, -2036382.2373475004], [633484.54003700055, -2036382.2373475004]), ([633484.54003700055, -2036382.2373475004], [633484.54003700055, -2081637.0021630004]), ([633484.54003700055, -2081637.0021630004], [678739.30485250056, -2081637.0021630004]), ([678739.30485250056, -2081637.0021630004], [678739.30485250056, -2036382.2373475004]), ([678739.30485250056, -2036382.2373475004], [723994.06966800056, -2036382.2373475004]), ([723994.06966800056, -2036382.2373475004], [723994.06966800056, -2081637.0021630004]), ([723994.06966800056, -2081637.0021630004], [769248.83448350057, -2081637.0021630004]), ([769248.83448350057, -2081637.0021630004], [769248.83448350057, -2126891.7669785004]), ([769248.83448350057, -2126891.7669785004], [1086032.1881920006, -2126891.7669785004]), ([1086032.1881920006, -2126891.7669785004], [1086032.1881920006, -2081637.0021630004]), ([1086032.1881920006, -2081637.0021630004], [1131286.9530075006, -2081637.0021630004]), ([1131286.9530075006, -2081637.0021630004], [1176541.7178230006, -2081637.0021630004]), ([1176541.7178230006, -2081637.0021630004], [1176541.7178230006, -2036382.2373475004]), ([1176541.7178230006, -2036382.2373475004], [1402815.5419005007, -2036382.2373475004]), ([1402815.5419005007, -2036382.2373475004], [1402815.5419005007, -2126891.7669785004]), ([1402815.5419005007, -2126891.7669785004], [1448070.3067160007, -2126891.7669785004]), ([1448070.3067160007, -2126891.7669785004], [1448070.3067160007, -2081637.0021630004])], [([-3710972.882251, 2308075.1849404997], [-3710972.882251, 2217565.6553094997]), ([-3710972.882251, 2217565.6553094997], [-3756227.6470665, 2217565.6553094997]), ([-3756227.6470665, 2217565.6553094997], [-3756227.6470665, 2172310.8904939997]), ([-3756227.6470665, 2172310.8904939997], [-3801482.411882, 2172310.8904939997]), ([-3801482.411882, 2172310.8904939997], [-3801482.411882, 2127056.1256784997]), ([-3801482.411882, 2127056.1256784997], [-3756227.6470665, 2127056.1256784997]), ([-3756227.6470665, 2127056.1256784997], [-3756227.6470665, 2081801.3608629997]), ([-3756227.6470665, 2081801.3608629997], [-3710972.882251, 2081801.3608629997]), ([-3710972.882251, 2081801.3608629997], [-3710972.882251, 2127056.1256784997]), ([-3710972.882251, 2127056.1256784997], [-3665718.1174355, 2127056.1256784997]), ([-3665718.1174355, 2127056.1256784997], [-3665718.1174355, 2172310.8904939997]), ([-3665718.1174355, 2172310.8904939997], [-3620463.35262, 2172310.8904939997]), ([-3620463.35262, 2172310.8904939997], [-3620463.35262, 2217565.6553094997]), ([-3620463.35262, 2217565.6553094997], [-3665718.1174355, 2217565.6553094997]), ([-3665718.1174355, 2217565.6553094997], [-3665718.1174355, 2308075.1849404997]), ([-3665718.1174355, 2308075.1849404997], [-3710972.882251, 2308075.1849404997])], [([-3620463.35262, 1674508.4775234996], [-3620463.35262, 1583998.9478924996]), ([-3620463.35262, 1583998.9478924996], [-3665718.1174355, 1583998.9478924996]), ([-3665718.1174355, 1583998.9478924996], [-3710972.882251, 1583998.9478924996]), ([-3710972.882251, 1583998.9478924996], [-3710972.882251, 1538744.1830769996]), ([-3710972.882251, 1538744.1830769996], [-3937246.7063285001, 1538744.1830769996]), ([-3937246.7063285001, 1538744.1830769996], [-3937246.7063285001, 1583998.9478924996]), ([-3937246.7063285001, 1583998.9478924996], [-3982501.4711440001, 1583998.9478924996]), ([-3982501.4711440001, 1583998.9478924996], [-3982501.4711440001, 1538744.1830769996]), ([-3982501.4711440001, 1538744.1830769996], [-4073011.0007750001, 1538744.1830769996]), ([-4073011.0007750001, 1538744.1830769996], [-4073011.0007750001, 1583998.9478924996]), ([-4073011.0007750001, 1583998.9478924996], [-4163520.5304060001, 1583998.9478924996]), ([-4163520.5304060001, 1583998.9478924996], [-4163520.5304060001, 1674508.4775234996]), ([-4163520.5304060001, 1674508.4775234996], [-4208775.2952215001, 1674508.4775234996]), ([-4208775.2952215001, 1674508.4775234996], [-4208775.2952215001, 1583998.9478924996]), ([-4208775.2952215001, 1583998.9478924996], [-4254030.0600370001, 1583998.9478924996]), ([-4254030.0600370001, 1583998.9478924996], [-4254030.0600370001, 1493489.4182614996]), ([-4254030.0600370001, 1493489.4182614996], [-4299284.8248525001, 1493489.4182614996]), ([-4299284.8248525001, 1493489.4182614996], [-4299284.8248525001, 1357725.1238149996]), ([-4299284.8248525001, 1357725.1238149996], [-4344539.5896680001, 1357725.1238149996]), ([-4344539.5896680001, 1357725.1238149996], [-4344539.5896680001, 1176706.0645529996]), ([-4344539.5896680001, 1176706.0645529996], [-4389794.3544835001, 1176706.0645529996]), ([-4389794.3544835001, 1176706.0645529996], [-4389794.3544835001, 1131451.2997374996]), ([-4389794.3544835001, 1131451.2997374996], [-4208775.2952215001, 1131451.2997374996]), ([-4208775.2952215001, 1131451.2997374996], [-4208775.2952215001, 1086196.5349219996]), ([-4208775.2952215001, 1086196.5349219996], [-4073011.0007750001, 1086196.5349219996]), ([-4073011.0007750001, 1086196.5349219996], [-4073011.0007750001, 1131451.2997374996]), ([-4073011.0007750001, 1131451.2997374996], [-4027756.2359595001, 1131451.2997374996]), ([-4027756.2359595001, 1131451.2997374996], [-4027756.2359595001, 1176706.0645529996]), ([-4027756.2359595001, 1176706.0645529996], [-3982501.4711440001, 1176706.0645529996]), ([-3982501.4711440001, 1176706.0645529996], [-3982501.4711440001, 1131451.2997374996]), ([-3982501.4711440001, 1131451.2997374996], [-3846737.1766975001, 1131451.2997374996]), ([-3846737.1766975001, 1131451.2997374996], [-3846737.1766975001, 1176706.0645529996]), ([-3846737.1766975001, 1176706.0645529996], [-3801482.411882, 1176706.0645529996]), ([-3801482.411882, 1176706.0645529996], [-3801482.411882, 1221960.8293684996]), ([-3801482.411882, 1221960.8293684996], [-3756227.6470665, 1221960.8293684996]), ([-3756227.6470665, 1221960.8293684996], [-3756227.6470665, 1267215.5941839996]), ([-3756227.6470665, 1267215.5941839996], [-3710972.882251, 1267215.5941839996]), ([-3710972.882251, 1267215.5941839996], [-3665718.1174355, 1267215.5941839996]), ([-3665718.1174355, 1267215.5941839996], [-3665718.1174355, 1312470.3589994996]), ([-3665718.1174355, 1312470.3589994996], [-3620463.35262, 1312470.3589994996]), ([-3620463.35262, 1312470.3589994996], [-3620463.35262, 1357725.1238149996]), ([-3620463.35262, 1357725.1238149996], [-3575208.5878045, 1357725.1238149996]), ([-3575208.5878045, 1357725.1238149996], [-3575208.5878045, 1448234.6534459996]), ([-3575208.5878045, 1448234.6534459996], [-3529953.822989, 1448234.6534459996]), ([-3529953.822989, 1448234.6534459996], [-3529953.822989, 1493489.4182614996]), ([-3529953.822989, 1493489.4182614996], [-3575208.5878045, 1493489.4182614996]), ([-3575208.5878045, 1493489.4182614996], [-3575208.5878045, 1674508.4775234996]), ([-3575208.5878045, 1674508.4775234996], [-3620463.35262, 1674508.4775234996])], [([-2353329.9377859998, 2308075.1849404997], [-2353329.9377859998, 2262820.4201249997]), ([-2353329.9377859998, 2262820.4201249997], [-2308075.1729704998, 2262820.4201249997]), ([-2308075.1729704998, 2262820.4201249997], [-2308075.1729704998, 2308075.1849404997]), ([-2308075.1729704998, 2308075.1849404997], [-2353329.9377859998, 2308075.1849404997])], [([-2489094.2322324999, 1674508.4775234996], [-2489094.2322324999, 1629253.7127079996]), ([-2489094.2322324999, 1629253.7127079996], [-2443839.4674169999, 1629253.7127079996]), ([-2443839.4674169999, 1629253.7127079996], [-2443839.4674169999, 1674508.4775234996]), ([-2443839.4674169999, 1674508.4775234996], [-2489094.2322324999, 1674508.4775234996])], [([-2398584.7026014999, 1402979.8886304996], [-2398584.7026014999, 1357725.1238149996]), ([-2398584.7026014999, 1357725.1238149996], [-2353329.9377859998, 1357725.1238149996]), ([-2353329.9377859998, 1357725.1238149996], [-2353329.9377859998, 1402979.8886304996]), ([-2353329.9377859998, 1402979.8886304996], [-2398584.7026014999, 1402979.8886304996])], [([-2670113.2914944999, 1493489.4182614996], [-2670113.2914944999, 1448234.6534459996]), ([-2670113.2914944999, 1448234.6534459996], [-2579603.7618634999, 1448234.6534459996]), ([-2579603.7618634999, 1448234.6534459996], [-2579603.7618634999, 1493489.4182614996]), ([-2579603.7618634999, 1493489.4182614996], [-2670113.2914944999, 1493489.4182614996])], [([-3575208.5878045, 1765018.0071544996], [-3575208.5878045, 1719763.2423389996]), ([-3575208.5878045, 1719763.2423389996], [-3529953.822989, 1719763.2423389996]), ([-3529953.822989, 1719763.2423389996], [-3529953.822989, 1765018.0071544996]), ([-3529953.822989, 1765018.0071544996], [-3575208.5878045, 1765018.0071544996])], [([-2353329.9377859998, 82.17934999987483], [-2353329.9377859998, -45172.585465500131]), ([-2353329.9377859998, -45172.585465500131], [-2308075.1729704998, -45172.585465500131]), ([-2308075.1729704998, -45172.585465500131], [-2308075.1729704998, 82.17934999987483])], [([180936.89188200049, 2172310.8904939997], [271446.4215130005, 2172310.8904939997]), ([271446.4215130005, 2172310.8904939997], [271446.4215130005, 2127056.1256784997]), ([271446.4215130005, 2127056.1256784997], [180936.89188200049, 2127056.1256784997]), ([180936.89188200049, 2127056.1256784997], [180936.89188200049, 2172310.8904939997])], [([-45336.932195499539, 2217565.6553094997], [90427.362251000479, 2217565.6553094997]), ([90427.362251000479, 2217565.6553094997], [90427.362251000479, 2172310.8904939997]), ([90427.362251000479, 2172310.8904939997], [135682.12706650048, 2172310.8904939997]), ([135682.12706650048, 2172310.8904939997], [135682.12706650048, 2127056.1256784997]), ([135682.12706650048, 2127056.1256784997], [180936.89188200049, 2127056.1256784997]), ([180936.89188200049, 2127056.1256784997], [180936.89188200049, 2081801.3608629997]), ([180936.89188200049, 2081801.3608629997], [135682.12706650048, 2081801.3608629997]), ([135682.12706650048, 2081801.3608629997], [45172.597435500473, 2081801.3608629997]), ([45172.597435500473, 2081801.3608629997], [45172.597435500473, 2036546.5960474997]), ([45172.597435500473, 2036546.5960474997], [-82.167379999533296, 2036546.5960474997]), ([-82.167379999533296, 2036546.5960474997], [-82.167379999533296, 1991291.8312319997]), ([-82.167379999533296, 1991291.8312319997], [-45336.932195499539, 1991291.8312319997]), ([-45336.932195499539, 1991291.8312319997], [-45336.932195499539, 2036546.5960474997]), ([-45336.932195499539, 2036546.5960474997], [-90591.697010999545, 2036546.5960474997]), ([-90591.697010999545, 2036546.5960474997], [-90591.697010999545, 2172310.8904939997]), ([-90591.697010999545, 2172310.8904939997], [-45336.932195499539, 2172310.8904939997]), ([-45336.932195499539, 2172310.8904939997], [-45336.932195499539, 2217565.6553094997])], [([361955.95114400052, 2172310.8904939997], [452465.48077500053, 2172310.8904939997]), ([452465.48077500053, 2172310.8904939997], [452465.48077500053, 2081801.3608629997]), ([452465.48077500053, 2081801.3608629997], [361955.95114400052, 2081801.3608629997]), ([361955.95114400052, 2081801.3608629997], [361955.95114400052, 2172310.8904939997])], [([497720.24559050053, 2172310.8904939997], [588229.77522150055, 2172310.8904939997]), ([588229.77522150055, 2172310.8904939997], [588229.77522150055, 2127056.1256784997]), ([588229.77522150055, 2127056.1256784997], [678739.30485250056, 2127056.1256784997]), ([678739.30485250056, 2127056.1256784997], [678739.30485250056, 2081801.3608629997]), ([678739.30485250056, 2081801.3608629997], [814503.59929900058, 2081801.3608629997]), ([814503.59929900058, 2081801.3608629997], [814503.59929900058, 1991291.8312319997]), ([814503.59929900058, 1991291.8312319997], [769248.83448350057, 1991291.8312319997]), ([769248.83448350057, 1991291.8312319997], [769248.83448350057, 1946037.0664164997]), ([769248.83448350057, 1946037.0664164997], [723994.06966800056, 1946037.0664164997]), ([723994.06966800056, 1946037.0664164997], [723994.06966800056, 1991291.8312319997]), ([723994.06966800056, 1991291.8312319997], [678739.30485250056, 1991291.8312319997]), ([678739.30485250056, 1991291.8312319997], [678739.30485250056, 2036546.5960474997]), ([678739.30485250056, 2036546.5960474997], [633484.54003700055, 2036546.5960474997]), ([633484.54003700055, 2036546.5960474997], [633484.54003700055, 2081801.3608629997]), ([633484.54003700055, 2081801.3608629997], [497720.24559050053, 2081801.3608629997]), ([497720.24559050053, 2081801.3608629997], [497720.24559050053, 2172310.8904939997])], [([-271610.75627299957, 2127056.1256784997], [-135846.46182649955, 2127056.1256784997]), ([-135846.46182649955, 2127056.1256784997], [-135846.46182649955, 2036546.5960474997]), ([-135846.46182649955, 2036546.5960474997], [-226355.99145749956, 2036546.5960474997]), ([-226355.99145749956, 2036546.5960474997], [-226355.99145749956, 2081801.3608629997]), ([-226355.99145749956, 2081801.3608629997], [-271610.75627299957, 2081801.3608629997]), ([-271610.75627299957, 2081801.3608629997], [-271610.75627299957, 2127056.1256784997])], [([-362120.28590399958, 2081801.3608629997], [-271610.75627299957, 2081801.3608629997]), ([-271610.75627299957, 2081801.3608629997], [-271610.75627299957, 1991291.8312319997]), ([-271610.75627299957, 1991291.8312319997], [-316865.52108849958, 1991291.8312319997]), ([-316865.52108849958, 1991291.8312319997], [-316865.52108849958, 2036546.5960474997]), ([-316865.52108849958, 2036546.5960474997], [-362120.28590399958, 2036546.5960474997]), ([-362120.28590399958, 2036546.5960474997], [-362120.28590399958, 2081801.3608629997])], [([-407375.05071949959, 2036546.5960474997], [-362120.28590399958, 2036546.5960474997]), ([-362120.28590399958, 2036546.5960474997], [-362120.28590399958, 1991291.8312319997]), ([-362120.28590399958, 1991291.8312319997], [-407375.05071949959, 1991291.8312319997]), ([-407375.05071949959, 1991291.8312319997], [-407375.05071949959, 2036546.5960474997])], [([814503.59929900058, 1991291.8312319997], [950267.89374550059, 1991291.8312319997]), ([950267.89374550059, 1991291.8312319997], [950267.89374550059, 1900782.3016009997]), ([950267.89374550059, 1900782.3016009997], [995522.6585610006, 1900782.3016009997]), ([995522.6585610006, 1900782.3016009997], [995522.6585610006, 1946037.0664164997]), ([995522.6585610006, 1946037.0664164997], [1040777.4233765006, 1946037.0664164997]), ([1040777.4233765006, 1946037.0664164997], [1086032.1881920006, 1946037.0664164997]), ([1086032.1881920006, 1946037.0664164997], [1086032.1881920006, 1991291.8312319997]), ([1086032.1881920006, 1991291.8312319997], [1131286.9530075006, 1991291.8312319997]), ([1131286.9530075006, 1991291.8312319997], [1131286.9530075006, 1946037.0664164997]), ([1131286.9530075006, 1946037.0664164997], [1221796.4826385006, 1946037.0664164997]), ([1221796.4826385006, 1946037.0664164997], [1221796.4826385006, 1855527.5367854997]), ([1221796.4826385006, 1855527.5367854997], [905013.12893000059, 1855527.5367854997]), ([905013.12893000059, 1855527.5367854997], [905013.12893000059, 1900782.3016009997]), ([905013.12893000059, 1900782.3016009997], [859758.36411450058, 1900782.3016009997]), ([859758.36411450058, 1900782.3016009997], [859758.36411450058, 1946037.0664164997]), ([859758.36411450058, 1946037.0664164997], [814503.59929900058, 1946037.0664164997]), ([814503.59929900058, 1946037.0664164997], [814503.59929900058, 1991291.8312319997])], [([1312306.0122695006, 1855527.5367854997], [1357560.7770850006, 1855527.5367854997]), ([1357560.7770850006, 1855527.5367854997], [1357560.7770850006, 1765018.0071544996]), ([1357560.7770850006, 1765018.0071544996], [1312306.0122695006, 1765018.0071544996]), ([1312306.0122695006, 1765018.0071544996], [1312306.0122695006, 1855527.5367854997])], [([-452629.81553499959, 1946037.0664164997], [-362120.28590399958, 1946037.0664164997]), ([-362120.28590399958, 1946037.0664164997], [-362120.28590399958, 1900782.3016009997]), ([-362120.28590399958, 1900782.3016009997], [-407375.05071949959, 1900782.3016009997]), ([-407375.05071949959, 1900782.3016009997], [-407375.05071949959, 1855527.5367854997]), ([-407375.05071949959, 1855527.5367854997], [-452629.81553499959, 1855527.5367854997]), ([-452629.81553499959, 1855527.5367854997], [-452629.81553499959, 1810272.7719699997]), ([-452629.81553499959, 1810272.7719699997], [-497884.5803504996, 1810272.7719699997]), ([-497884.5803504996, 1810272.7719699997], [-497884.5803504996, 1674508.4775234996]), ([-497884.5803504996, 1674508.4775234996], [-452629.81553499959, 1674508.4775234996]), ([-452629.81553499959, 1674508.4775234996], [-452629.81553499959, 1629253.7127079996]), ([-452629.81553499959, 1629253.7127079996], [-497884.5803504996, 1629253.7127079996]), ([-497884.5803504996, 1629253.7127079996], [-497884.5803504996, 1493489.4182614996]), ([-497884.5803504996, 1493489.4182614996], [-543139.34516599961, 1493489.4182614996]), ([-543139.34516599961, 1493489.4182614996], [-543139.34516599961, 1448234.6534459996]), ([-543139.34516599961, 1448234.6534459996], [-588394.10998149961, 1448234.6534459996]), ([-588394.10998149961, 1448234.6534459996], [-633648.87479699962, 1448234.6534459996]), ([-633648.87479699962, 1448234.6534459996], [-633648.87479699962, 1402979.8886304996]), ([-633648.87479699962, 1402979.8886304996], [-724158.40442799963, 1402979.8886304996]), ([-724158.40442799963, 1402979.8886304996], [-724158.40442799963, 1448234.6534459996]), ([-724158.40442799963, 1448234.6534459996], [-678903.63961249962, 1448234.6534459996]), ([-678903.63961249962, 1448234.6534459996], [-678903.63961249962, 1493489.4182614996]), ([-678903.63961249962, 1493489.4182614996], [-724158.40442799963, 1493489.4182614996]), ([-724158.40442799963, 1493489.4182614996], [-724158.40442799963, 1538744.1830769996]), ([-724158.40442799963, 1538744.1830769996], [-769413.16924349964, 1538744.1830769996]), ([-769413.16924349964, 1538744.1830769996], [-769413.16924349964, 1583998.9478924996]), ([-769413.16924349964, 1583998.9478924996], [-724158.40442799963, 1583998.9478924996]), ([-724158.40442799963, 1583998.9478924996], [-724158.40442799963, 1629253.7127079996]), ([-724158.40442799963, 1629253.7127079996], [-678903.63961249962, 1629253.7127079996]), ([-678903.63961249962, 1629253.7127079996], [-678903.63961249962, 1583998.9478924996]), ([-678903.63961249962, 1583998.9478924996], [-633648.87479699962, 1583998.9478924996]), ([-633648.87479699962, 1583998.9478924996], [-588394.10998149961, 1583998.9478924996]), ([-588394.10998149961, 1583998.9478924996], [-588394.10998149961, 1629253.7127079996]), ([-588394.10998149961, 1629253.7127079996], [-633648.87479699962, 1629253.7127079996]), ([-633648.87479699962, 1629253.7127079996], [-633648.87479699962, 1810272.7719699997]), ([-633648.87479699962, 1810272.7719699997], [-588394.10998149961, 1810272.7719699997]), ([-588394.10998149961, 1810272.7719699997], [-543139.34516599961, 1810272.7719699997]), ([-543139.34516599961, 1810272.7719699997], [-543139.34516599961, 1855527.5367854997]), ([-543139.34516599961, 1855527.5367854997], [-497884.5803504996, 1855527.5367854997]), ([-497884.5803504996, 1855527.5367854997], [-497884.5803504996, 1900782.3016009997]), ([-497884.5803504996, 1900782.3016009997], [-452629.81553499959, 1900782.3016009997]), ([-452629.81553499959, 1900782.3016009997], [-452629.81553499959, 1946037.0664164997])], [([-2398584.7026014999, 1402979.8886304996], [-2353329.9377859998, 1402979.8886304996]), ([-2353329.9377859998, 1402979.8886304996], [-2353329.9377859998, 1357725.1238149996]), ([-2353329.9377859998, 1357725.1238149996], [-2398584.7026014999, 1357725.1238149996]), ([-2398584.7026014999, 1357725.1238149996], [-2398584.7026014999, 1402979.8886304996])], [([-1991291.8192619998, 1086196.5349219996], [-1900782.2896309998, 1086196.5349219996]), ([-1900782.2896309998, 1086196.5349219996], [-1900782.2896309998, 1040941.7701064995]), ([-1900782.2896309998, 1040941.7701064995], [-1991291.8192619998, 1040941.7701064995]), ([-1991291.8192619998, 1040941.7701064995], [-1991291.8192619998, 1086196.5349219996])], [([-2308075.1729704998, 1312470.3589994996], [-2262820.4081549998, 1312470.3589994996]), ([-2262820.4081549998, 1312470.3589994996], [-2262820.4081549998, 1267215.5941839996]), ([-2262820.4081549998, 1267215.5941839996], [-2172310.8785239998, 1267215.5941839996]), ([-2172310.8785239998, 1267215.5941839996], [-2172310.8785239998, 1176706.0645529996]), ([-2172310.8785239998, 1176706.0645529996], [-2036546.5840774998, 1176706.0645529996]), ([-2036546.5840774998, 1176706.0645529996], [-2036546.5840774998, 1131451.2997374996]), ([-2036546.5840774998, 1131451.2997374996], [-1991291.8192619998, 1131451.2997374996]), ([-1991291.8192619998, 1131451.2997374996], [-1991291.8192619998, 1086196.5349219996]), ([-1991291.8192619998, 1086196.5349219996], [-2036546.5840774998, 1086196.5349219996]), ([-2036546.5840774998, 1086196.5349219996], [-2036546.5840774998, 1040941.7701064995]), ([-2036546.5840774998, 1040941.7701064995], [-2081801.3488929998, 1040941.7701064995]), ([-2081801.3488929998, 1040941.7701064995], [-2127056.1137084998, 1040941.7701064995]), ([-2127056.1137084998, 1040941.7701064995], [-2127056.1137084998, 995687.00529099954]), ([-2127056.1137084998, 995687.00529099954], [-2217565.6433394998, 995687.00529099954]), ([-2217565.6433394998, 995687.00529099954], [-2217565.6433394998, 1040941.7701064995]), ([-2217565.6433394998, 1040941.7701064995], [-2262820.4081549998, 1040941.7701064995]), ([-2262820.4081549998, 1040941.7701064995], [-2262820.4081549998, 1131451.2997374996]), ([-2262820.4081549998, 1131451.2997374996], [-2308075.1729704998, 1131451.2997374996]), ([-2308075.1729704998, 1131451.2997374996], [-2308075.1729704998, 1221960.8293684996]), ([-2308075.1729704998, 1221960.8293684996], [-2353329.9377859998, 1221960.8293684996]), ([-2353329.9377859998, 1221960.8293684996], [-2353329.9377859998, 1267215.5941839996]), ([-2353329.9377859998, 1267215.5941839996], [-2308075.1729704998, 1267215.5941839996]), ([-2308075.1729704998, 1267215.5941839996], [-2308075.1729704998, 1312470.3589994996])], [([-1855527.5248154998, 1040941.7701064995], [-1810272.7599999998, 1040941.7701064995]), ([-1810272.7599999998, 1040941.7701064995], [-1810272.7599999998, 995687.00529099954]), ([-1810272.7599999998, 995687.00529099954], [-1855527.5248154998, 995687.00529099954]), ([-1855527.5248154998, 995687.00529099954], [-1855527.5248154998, 1040941.7701064995])], [([-1765017.9951844998, 995687.00529099954], [-1719763.2303689998, 995687.00529099954]), ([-1719763.2303689998, 995687.00529099954], [-1719763.2303689998, 905177.47565999953]), ([-1719763.2303689998, 905177.47565999953], [-1765017.9951844998, 905177.47565999953]), ([-1765017.9951844998, 905177.47565999953], [-1765017.9951844998, 995687.00529099954])], [([-2036546.5840774998, 814667.94602899952], [-1900782.2896309998, 814667.94602899952]), ([-1900782.2896309998, 814667.94602899952], [-1900782.2896309998, 769413.18121349951]), ([-1900782.2896309998, 769413.18121349951], [-2036546.5840774998, 769413.18121349951]), ([-2036546.5840774998, 769413.18121349951], [-2036546.5840774998, 814667.94602899952])], [([1674344.1307935007, 724158.41639799951], [1719598.8956090007, 724158.41639799951]), ([1719598.8956090007, 724158.41639799951], [1719598.8956090007, 678903.6515824995]), ([1719598.8956090007, 678903.6515824995], [1674344.1307935007, 678903.6515824995]), ([1674344.1307935007, 678903.6515824995], [1674344.1307935007, 724158.41639799951])], [([1991127.4845020007, 814667.94602899952], [2036382.2493175007, 814667.94602899952]), ([2036382.2493175007, 814667.94602899952], [2036382.2493175007, 769413.18121349951]), ([2036382.2493175007, 769413.18121349951], [2081637.0141330007, 769413.18121349951]), ([2081637.0141330007, 769413.18121349951], [2081637.0141330007, 814667.94602899952]), ([2081637.0141330007, 814667.94602899952], [2217401.3085795008, 814667.94602899952]), ([2217401.3085795008, 814667.94602899952], [2217401.3085795008, 633648.88676699949]), ([2217401.3085795008, 633648.88676699949], [2172146.5437640008, 633648.88676699949]), ([2172146.5437640008, 633648.88676699949], [1991127.4845020007, 633648.88676699949]), ([1991127.4845020007, 633648.88676699949], [1991127.4845020007, 678903.6515824995]), ([1991127.4845020007, 678903.6515824995], [1945872.7196865007, 678903.6515824995]), ([1945872.7196865007, 678903.6515824995], [1945872.7196865007, 633648.88676699949]), ([1945872.7196865007, 633648.88676699949], [1900617.9548710007, 633648.88676699949]), ([1900617.9548710007, 633648.88676699949], [1900617.9548710007, 678903.6515824995]), ([1900617.9548710007, 678903.6515824995], [1764853.6604245007, 678903.6515824995]), ([1764853.6604245007, 678903.6515824995], [1764853.6604245007, 769413.18121349951]), ([1764853.6604245007, 769413.18121349951], [1945872.7196865007, 769413.18121349951]), ([1945872.7196865007, 769413.18121349951], [1991127.4845020007, 769413.18121349951]), ([1991127.4845020007, 769413.18121349951], [1991127.4845020007, 814667.94602899952])], [([-1991291.8192619998, 724158.41639799951], [-1946037.0544464998, 724158.41639799951]), ([-1946037.0544464998, 724158.41639799951], [-1946037.0544464998, 633648.88676699949]), ([-1946037.0544464998, 633648.88676699949], [-1991291.8192619998, 633648.88676699949]), ([-1991291.8192619998, 633648.88676699949], [-1991291.8192619998, 588394.12195149949]), ([-1991291.8192619998, 588394.12195149949], [-2081801.3488929998, 588394.12195149949]), ([-2081801.3488929998, 588394.12195149949], [-2081801.3488929998, 678903.6515824995]), ([-2081801.3488929998, 678903.6515824995], [-2036546.5840774998, 678903.6515824995]), ([-2036546.5840774998, 678903.6515824995], [-1991291.8192619998, 678903.6515824995]), ([-1991291.8192619998, 678903.6515824995], [-1991291.8192619998, 724158.41639799951])], [([-1855527.5248154998, 769413.18121349951], [-1765017.9951844998, 769413.18121349951]), ([-1765017.9951844998, 769413.18121349951], [-1765017.9951844998, 724158.41639799951]), ([-1765017.9951844998, 724158.41639799951], [-1719763.2303689998, 724158.41639799951]), ([-1719763.2303689998, 724158.41639799951], [-1719763.2303689998, 497884.59232049948]), ([-1719763.2303689998, 497884.59232049948], [-1765017.9951844998, 497884.59232049948]), ([-1765017.9951844998, 497884.59232049948], [-1765017.9951844998, 588394.12195149949]), ([-1765017.9951844998, 588394.12195149949], [-1900782.2896309998, 588394.12195149949]), ([-1900782.2896309998, 588394.12195149949], [-1900782.2896309998, 633648.88676699949]), ([-1900782.2896309998, 633648.88676699949], [-1855527.5248154998, 633648.88676699949]), ([-1855527.5248154998, 633648.88676699949], [-1855527.5248154998, 678903.6515824995]), ([-1855527.5248154998, 678903.6515824995], [-1810272.7599999998, 678903.6515824995]), ([-1810272.7599999998, 678903.6515824995], [-1810272.7599999998, 724158.41639799951]), ([-1810272.7599999998, 724158.41639799951], [-1855527.5248154998, 724158.41639799951]), ([-1855527.5248154998, 724158.41639799951], [-1855527.5248154998, 769413.18121349951])], [([-1810272.7599999998, 678903.6515824995], [-1810272.7599999998, 633648.88676699949]), ([-1810272.7599999998, 633648.88676699949], [-1765017.9951844998, 633648.88676699949]), ([-1765017.9951844998, 633648.88676699949], [-1765017.9951844998, 678903.6515824995])], [([2126891.7789485008, 588394.12195149949], [2172146.5437640008, 588394.12195149949]), ([2172146.5437640008, 588394.12195149949], [2172146.5437640008, 543139.35713599948]), ([2172146.5437640008, 543139.35713599948], [2126891.7789485008, 543139.35713599948]), ([2126891.7789485008, 543139.35713599948], [2126891.7789485008, 588394.12195149949])], [([-1855527.5248154998, 452629.82750499947], [-1719763.2303689998, 452629.82750499947]), ([-1719763.2303689998, 452629.82750499947], [-1719763.2303689998, 407375.06268949946]), ([-1719763.2303689998, 407375.06268949946], [-1855527.5248154998, 407375.06268949946]), ([-1855527.5248154998, 407375.06268949946], [-1855527.5248154998, 452629.82750499947])], [([2443675.1326570008, 362120.29787399946], [2488929.8974725008, 362120.29787399946]), ([2488929.8974725008, 362120.29787399946], [2488929.8974725008, 271610.76824299991]), ([2488929.8974725008, 271610.76824299991], [2443675.1326570008, 271610.76824299991]), ([2443675.1326570008, 271610.76824299991], [2443675.1326570008, 362120.29787399946])], [([-814667.93405899964, 995687.00529099954], [-588394.10998149961, 995687.00529099954]), ([-588394.10998149961, 995687.00529099954], [-588394.10998149961, 950432.24047549954]), ([-588394.10998149961, 950432.24047549954], [-543139.34516599961, 950432.24047549954]), ([-543139.34516599961, 950432.24047549954], [-543139.34516599961, 859922.71084449952]), ([-543139.34516599961, 859922.71084449952], [-588394.10998149961, 859922.71084449952]), ([-588394.10998149961, 859922.71084449952], [-588394.10998149961, 769413.18121349951]), ([-588394.10998149961, 769413.18121349951], [-633648.87479699962, 769413.18121349951]), ([-633648.87479699962, 769413.18121349951], [-633648.87479699962, 678903.6515824995]), ([-633648.87479699962, 678903.6515824995], [-588394.10998149961, 678903.6515824995]), ([-588394.10998149961, 678903.6515824995], [-588394.10998149961, 588394.12195149949]), ([-588394.10998149961, 588394.12195149949], [-633648.87479699962, 588394.12195149949]), ([-633648.87479699962, 588394.12195149949], [-678903.63961249962, 588394.12195149949]), ([-678903.63961249962, 588394.12195149949], [-678903.63961249962, 407375.06268949946]), ([-678903.63961249962, 407375.06268949946], [-633648.87479699962, 407375.06268949946]), ([-633648.87479699962, 407375.06268949946], [-633648.87479699962, 362120.29787399946]), ([-633648.87479699962, 362120.29787399946], [-678903.63961249962, 362120.29787399946]), ([-678903.63961249962, 362120.29787399946], [-724158.40442799963, 362120.29787399946]), ([-724158.40442799963, 362120.29787399946], [-724158.40442799963, 407375.06268949946]), ([-724158.40442799963, 407375.06268949946], [-769413.16924349964, 407375.06268949946]), ([-769413.16924349964, 407375.06268949946], [-769413.16924349964, 362120.29787399946]), ([-769413.16924349964, 362120.29787399946], [-814667.93405899964, 362120.29787399946]), ([-814667.93405899964, 362120.29787399946], [-814667.93405899964, 407375.06268949946]), ([-814667.93405899964, 407375.06268949946], [-859922.69887449965, 407375.06268949946]), ([-859922.69887449965, 407375.06268949946], [-859922.69887449965, 362120.29787399946]), ([-859922.69887449965, 362120.29787399946], [-905177.46368999965, 362120.29787399946]), ([-905177.46368999965, 362120.29787399946], [-905177.46368999965, 316865.53305849992]), ([-905177.46368999965, 316865.53305849992], [-950432.22850549966, 316865.53305849992]), ([-950432.22850549966, 316865.53305849992], [-950432.22850549966, 271610.76824299991]), ([-950432.22850549966, 271610.76824299991], [-995686.99332099967, 271610.76824299991]), ([-995686.99332099967, 271610.76824299991], [-1040941.7581364997, 271610.76824299991]), ([-1040941.7581364997, 271610.76824299991], [-1040941.7581364997, 226356.00342749991]), ([-1040941.7581364997, 226356.00342749991], [-1086196.5229519997, 226356.00342749991]), ([-1086196.5229519997, 226356.00342749991], [-1086196.5229519997, 271610.76824299991]), ([-1086196.5229519997, 271610.76824299991], [-1131451.2877674997, 271610.76824299991]), ([-1131451.2877674997, 271610.76824299991], [-1131451.2877674997, 226356.00342749991]), ([-1131451.2877674997, 226356.00342749991], [-1176706.0525829997, 226356.00342749991]), ([-1176706.0525829997, 226356.00342749991], [-1176706.0525829997, 271610.76824299991]), ([-1176706.0525829997, 271610.76824299991], [-1267215.5822139997, 271610.76824299991]), ([-1267215.5822139997, 271610.76824299991], [-1267215.5822139997, 316865.53305849992]), ([-1267215.5822139997, 316865.53305849992], [-1221960.8173984997, 316865.53305849992]), ([-1221960.8173984997, 316865.53305849992], [-1221960.8173984997, 362120.29787399946]), ([-1221960.8173984997, 362120.29787399946], [-1267215.5822139997, 362120.29787399946]), ([-1267215.5822139997, 362120.29787399946], [-1267215.5822139997, 407375.06268949946]), ([-1267215.5822139997, 407375.06268949946], [-1312470.3470294997, 407375.06268949946]), ([-1312470.3470294997, 407375.06268949946], [-1312470.3470294997, 316865.53305849992]), ([-1312470.3470294997, 316865.53305849992], [-1357725.1118449997, 316865.53305849992]), ([-1357725.1118449997, 316865.53305849992], [-1448234.6414759997, 316865.53305849992]), ([-1448234.6414759997, 316865.53305849992], [-1448234.6414759997, 362120.29787399946]), ([-1448234.6414759997, 362120.29787399946], [-1402979.8766604997, 362120.29787399946]), ([-1402979.8766604997, 362120.29787399946], [-1402979.8766604997, 452629.82750499947]), ([-1402979.8766604997, 452629.82750499947], [-1357725.1118449997, 452629.82750499947]), ([-1357725.1118449997, 452629.82750499947], [-1357725.1118449997, 497884.59232049948]), ([-1357725.1118449997, 497884.59232049948], [-1402979.8766604997, 497884.59232049948]), ([-1402979.8766604997, 497884.59232049948], [-1402979.8766604997, 724158.41639799951]), ([-1402979.8766604997, 724158.41639799951], [-1448234.6414759997, 724158.41639799951]), ([-1448234.6414759997, 724158.41639799951], [-1448234.6414759997, 769413.18121349951]), ([-1448234.6414759997, 769413.18121349951], [-1493489.4062914997, 769413.18121349951]), ([-1493489.4062914997, 769413.18121349951], [-1493489.4062914997, 814667.94602899952]), ([-1493489.4062914997, 814667.94602899952], [-1402979.8766604997, 814667.94602899952]), ([-1402979.8766604997, 814667.94602899952], [-1357725.1118449997, 814667.94602899952]), ([-1357725.1118449997, 814667.94602899952], [-1357725.1118449997, 859922.71084449952]), ([-1357725.1118449997, 859922.71084449952], [-1267215.5822139997, 859922.71084449952]), ([-1267215.5822139997, 859922.71084449952], [-1221960.8173984997, 859922.71084449952]), ([-1221960.8173984997, 859922.71084449952], [-1221960.8173984997, 905177.47565999953]), ([-1221960.8173984997, 905177.47565999953], [-995686.99332099967, 905177.47565999953]), ([-995686.99332099967, 905177.47565999953], [-995686.99332099967, 814667.94602899952]), ([-995686.99332099967, 814667.94602899952], [-950432.22850549966, 814667.94602899952]), ([-950432.22850549966, 814667.94602899952], [-950432.22850549966, 769413.18121349951]), ([-950432.22850549966, 769413.18121349951], [-905177.46368999965, 769413.18121349951]), ([-905177.46368999965, 769413.18121349951], [-905177.46368999965, 724158.41639799951]), ([-905177.46368999965, 724158.41639799951], [-859922.69887449965, 724158.41639799951]), ([-859922.69887449965, 724158.41639799951], [-859922.69887449965, 588394.12195149949]), ([-859922.69887449965, 588394.12195149949], [-769413.16924349964, 588394.12195149949]), ([-769413.16924349964, 588394.12195149949], [-769413.16924349964, 724158.41639799951]), ([-769413.16924349964, 724158.41639799951], [-724158.40442799963, 724158.41639799951]), ([-724158.40442799963, 724158.41639799951], [-724158.40442799963, 769413.18121349951]), ([-724158.40442799963, 769413.18121349951], [-769413.16924349964, 769413.18121349951]), ([-769413.16924349964, 769413.18121349951], [-769413.16924349964, 859922.71084449952]), ([-769413.16924349964, 859922.71084449952], [-859922.69887449965, 859922.71084449952]), ([-859922.69887449965, 859922.71084449952], [-859922.69887449965, 950432.24047549954]), ([-859922.69887449965, 950432.24047549954], [-814667.93405899964, 950432.24047549954]), ([-814667.93405899964, 950432.24047549954], [-814667.93405899964, 995687.00529099954])], [([-950432.22850549966, 543139.35713599948], [-950432.22850549966, 497884.59232049948]), ([-950432.22850549966, 497884.59232049948], [-905177.46368999965, 497884.59232049948]), ([-905177.46368999965, 497884.59232049948], [-905177.46368999965, 452629.82750499947]), ([-905177.46368999965, 452629.82750499947], [-950432.22850549966, 452629.82750499947]), ([-950432.22850549966, 452629.82750499947], [-950432.22850549966, 407375.06268949946]), ([-950432.22850549966, 407375.06268949946], [-905177.46368999965, 407375.06268949946]), ([-905177.46368999965, 407375.06268949946], [-905177.46368999965, 452629.82750499947]), ([-905177.46368999965, 452629.82750499947], [-859922.69887449965, 452629.82750499947]), ([-859922.69887449965, 452629.82750499947], [-859922.69887449965, 497884.59232049948]), ([-859922.69887449965, 497884.59232049948], [-905177.46368999965, 497884.59232049948]), ([-905177.46368999965, 497884.59232049948], [-905177.46368999965, 543139.35713599948]), ([-905177.46368999965, 543139.35713599948], [-950432.22850549966, 543139.35713599948])], [([-1086196.5229519997, 452629.82750499947], [-1086196.5229519997, 407375.06268949946]), ([-1086196.5229519997, 407375.06268949946], [-1131451.2877674997, 407375.06268949946]), ([-1131451.2877674997, 407375.06268949946], [-1131451.2877674997, 362120.29787399946]), ([-1131451.2877674997, 362120.29787399946], [-1086196.5229519997, 362120.29787399946]), ([-1086196.5229519997, 362120.29787399946], [-1040941.7581364997, 362120.29787399946]), ([-1040941.7581364997, 362120.29787399946], [-1040941.7581364997, 452629.82750499947]), ([-1040941.7581364997, 452629.82750499947], [-1086196.5229519997, 452629.82750499947])], [([-1176706.0525829997, 497884.59232049948], [-1176706.0525829997, 452629.82750499947]), ([-1176706.0525829997, 452629.82750499947], [-1131451.2877674997, 452629.82750499947]), ([-1131451.2877674997, 452629.82750499947], [-1131451.2877674997, 497884.59232049948])], [([-1312470.3470294997, 271610.76824299991], [-1267215.5822139997, 271610.76824299991]), ([-1267215.5822139997, 271610.76824299991], [-1267215.5822139997, 226356.00342749991]), ([-1267215.5822139997, 226356.00342749991], [-1312470.3470294997, 226356.00342749991]), ([-1312470.3470294997, 226356.00342749991], [-1312470.3470294997, 271610.76824299991])], [([2488929.8974725008, 271610.76824299991], [2579439.4271035008, 271610.76824299991]), ([2579439.4271035008, 271610.76824299991], [2579439.4271035008, 45336.944165499881]), ([2579439.4271035008, 45336.944165499881], [2534184.6622880008, 45336.944165499881]), ([2534184.6622880008, 45336.944165499881], [2534184.6622880008, 181101.2386119999]), ([2534184.6622880008, 181101.2386119999], [2488929.8974725008, 181101.2386119999]), ([2488929.8974725008, 181101.2386119999], [2488929.8974725008, 271610.76824299991])], [([-1221960.8173984997, 226356.00342749991], [-1176706.0525829997, 226356.00342749991]), ([-1176706.0525829997, 226356.00342749991], [-1176706.0525829997, 135846.47379649989]), ([-1176706.0525829997, 135846.47379649989], [-1221960.8173984997, 135846.47379649989]), ([-1221960.8173984997, 135846.47379649989], [-1221960.8173984997, 226356.00342749991])], [([-1855527.5248154998, 135846.47379649989], [-1810272.7599999998, 135846.47379649989]), ([-1810272.7599999998, 135846.47379649989], [-1810272.7599999998, 90591.708980999887]), ([-1810272.7599999998, 90591.708980999887], [-1855527.5248154998, 90591.708980999887]), ([-1855527.5248154998, 90591.708980999887], [-1855527.5248154998, 135846.47379649989])], [([-1900782.2896309998, 45336.944165499881], [-1855527.5248154998, 45336.944165499881]), ([-1855527.5248154998, 45336.944165499881], [-1855527.5248154998, 82.17934999987483]), ([-1855527.5248154998, 82.17934999987483], [-1810272.7599999998, 82.17934999987483]), ([-1810272.7599999998, 82.17934999987483], [-1810272.7599999998, -45172.585465500131]), ([-1810272.7599999998, -45172.585465500131], [-1855527.5248154998, -45172.585465500131]), ([-1855527.5248154998, -45172.585465500131], [-1855527.5248154998, -135682.11509650014]), ([-1855527.5248154998, -135682.11509650014], [-1810272.7599999998, -135682.11509650014]), ([-1810272.7599999998, -135682.11509650014], [-1810272.7599999998, -226191.64472750016]), ([-1810272.7599999998, -226191.64472750016], [-1855527.5248154998, -226191.64472750016]), ([-1855527.5248154998, -226191.64472750016], [-1855527.5248154998, -316701.17435850017]), ([-1855527.5248154998, -316701.17435850017], [-1900782.2896309998, -316701.17435850017]), ([-1900782.2896309998, -316701.17435850017], [-1900782.2896309998, 45336.944165499881])], [([-1674508.4655534998, -271446.40954300016], [-1583998.9359224997, -271446.40954300016]), ([-1583998.9359224997, -271446.40954300016], [-1583998.9359224997, -316701.17435850017]), ([-1583998.9359224997, -316701.17435850017], [-1629253.7007379998, -316701.17435850017]), ([-1629253.7007379998, -316701.17435850017], [-1629253.7007379998, -361955.93917400017]), ([-1629253.7007379998, -361955.93917400017], [-1674508.4655534998, -361955.93917400017]), ([-1674508.4655534998, -361955.93917400017], [-1674508.4655534998, -271446.40954300016])], [([-1855527.5248154998, -316701.17435850017], [-1765017.9951844998, -316701.17435850017]), ([-1765017.9951844998, -316701.17435850017], [-1765017.9951844998, -361955.93917400017]), ([-1765017.9951844998, -361955.93917400017], [-1810272.7599999998, -361955.93917400017]), ([-1810272.7599999998, -361955.93917400017], [-1810272.7599999998, -407210.70398950018]), ([-1810272.7599999998, -407210.70398950018], [-1855527.5248154998, -407210.70398950018]), ([-1855527.5248154998, -407210.70398950018], [-1855527.5248154998, -452465.46880500019]), ([-1855527.5248154998, -452465.46880500019], [-1900782.2896309998, -452465.46880500019]), ([-1900782.2896309998, -452465.46880500019], [-1900782.2896309998, -361955.93917400017]), ([-1900782.2896309998, -361955.93917400017], [-1855527.5248154998, -361955.93917400017]), ([-1855527.5248154998, -361955.93917400017], [-1855527.5248154998, -316701.17435850017])], [([-1583998.9359224997, -407210.70398950018], [-1538744.1711069997, -407210.70398950018]), ([-1538744.1711069997, -407210.70398950018], [-1538744.1711069997, -497720.23362050019]), ([-1538744.1711069997, -497720.23362050019], [-1583998.9359224997, -497720.23362050019]), ([-1583998.9359224997, -497720.23362050019], [-1583998.9359224997, -407210.70398950018])], [([2579439.4271035008, -226191.64472750016], [2624694.1919190008, -226191.64472750016]), ([2624694.1919190008, -226191.64472750016], [2624694.1919190008, -271446.40954300016]), ([2624694.1919190008, -271446.40954300016], [2715203.7215500008, -271446.40954300016]), ([2715203.7215500008, -271446.40954300016], [2715203.7215500008, -361955.93917400017]), ([2715203.7215500008, -361955.93917400017], [2669948.9567345008, -361955.93917400017]), ([2669948.9567345008, -361955.93917400017], [2669948.9567345008, -407210.70398950018]), ([2669948.9567345008, -407210.70398950018], [2624694.1919190008, -407210.70398950018]), ([2624694.1919190008, -407210.70398950018], [2624694.1919190008, -542974.9984360002]), ([2624694.1919190008, -542974.9984360002], [2579439.4271035008, -542974.9984360002]), ([2579439.4271035008, -542974.9984360002], [2579439.4271035008, -452465.46880500019]), ([2579439.4271035008, -452465.46880500019], [2534184.6622880008, -452465.46880500019]), ([2534184.6622880008, -452465.46880500019], [2534184.6622880008, -407210.70398950018]), ([2534184.6622880008, -407210.70398950018], [2579439.4271035008, -407210.70398950018]), ([2579439.4271035008, -407210.70398950018], [2579439.4271035008, -226191.64472750016])], [([-1583998.9359224997, -542974.9984360002], [-1538744.1711069997, -542974.9984360002]), ([-1538744.1711069997, -542974.9984360002], [-1538744.1711069997, -588229.7632515002]), ([-1538744.1711069997, -588229.7632515002], [-1583998.9359224997, -588229.7632515002]), ([-1583998.9359224997, -588229.7632515002], [-1583998.9359224997, -542974.9984360002])], [([2579439.4271035008, -588229.7632515002], [2624694.1919190008, -588229.7632515002]), ([2624694.1919190008, -588229.7632515002], [2624694.1919190008, -633484.52806700021]), ([2624694.1919190008, -633484.52806700021], [2579439.4271035008, -633484.52806700021]), ([2579439.4271035008, -633484.52806700021], [2579439.4271035008, -588229.7632515002])], [([-1583998.9359224997, -633484.52806700021], [-1493489.4062914997, -633484.52806700021]), ([-1493489.4062914997, -633484.52806700021], [-1493489.4062914997, -678739.29288250022]), ([-1493489.4062914997, -678739.29288250022], [-1583998.9359224997, -678739.29288250022]), ([-1583998.9359224997, -678739.29288250022], [-1583998.9359224997, -633484.52806700021])], [([-1583998.9359224997, -723994.05769800022], [-1538744.1711069997, -723994.05769800022]), ([-1538744.1711069997, -723994.05769800022], [-1538744.1711069997, -769248.82251350023]), ([-1538744.1711069997, -769248.82251350023], [-1583998.9359224997, -769248.82251350023]), ([-1583998.9359224997, -769248.82251350023], [-1583998.9359224997, -723994.05769800022])], [([-1493489.4062914997, -950267.88177550025], [-1448234.6414759997, -950267.88177550025]), ([-1448234.6414759997, -950267.88177550025], [-1448234.6414759997, -995522.64659100026]), ([-1448234.6414759997, -995522.64659100026], [-1493489.4062914997, -995522.64659100026]), ([-1493489.4062914997, -995522.64659100026], [-1493489.4062914997, -950267.88177550025])], [([-1538744.1711069997, -769248.82251350023], [-1493489.4062914997, -769248.82251350023]), ([-1493489.4062914997, -769248.82251350023], [-1493489.4062914997, -814503.58732900023]), ([-1493489.4062914997, -814503.58732900023], [-1448234.6414759997, -814503.58732900023]), ([-1448234.6414759997, -814503.58732900023], [-1448234.6414759997, -859758.35214450024]), ([-1448234.6414759997, -859758.35214450024], [-1402979.8766604997, -859758.35214450024]), ([-1402979.8766604997, -859758.35214450024], [-1402979.8766604997, -905013.11696000025]), ([-1402979.8766604997, -905013.11696000025], [-1357725.1118449997, -905013.11696000025]), ([-1357725.1118449997, -905013.11696000025], [-1357725.1118449997, -995522.64659100026]), ([-1357725.1118449997, -995522.64659100026], [-1312470.3470294997, -995522.64659100026]), ([-1312470.3470294997, -995522.64659100026], [-1312470.3470294997, -1040777.4114065003]), ([-1312470.3470294997, -1040777.4114065003], [-1267215.5822139997, -1040777.4114065003]), ([-1267215.5822139997, -1040777.4114065003], [-1267215.5822139997, -1086032.1762220003]), ([-1267215.5822139997, -1086032.1762220003], [-1221960.8173984997, -1086032.1762220003]), ([-1221960.8173984997, -1086032.1762220003], [-1221960.8173984997, -1131286.9410375003]), ([-1221960.8173984997, -1131286.9410375003], [-1176706.0525829997, -1131286.9410375003]), ([-1176706.0525829997, -1131286.9410375003], [-1176706.0525829997, -1176541.7058530003]), ([-1176706.0525829997, -1176541.7058530003], [-1221960.8173984997, -1176541.7058530003]), ([-1221960.8173984997, -1176541.7058530003], [-1267215.5822139997, -1176541.7058530003]), ([-1267215.5822139997, -1176541.7058530003], [-1267215.5822139997, -1131286.9410375003]), ([-1267215.5822139997, -1131286.9410375003], [-1312470.3470294997, -1131286.9410375003]), ([-1312470.3470294997, -1131286.9410375003], [-1312470.3470294997, -1086032.1762220003]), ([-1312470.3470294997, -1086032.1762220003], [-1448234.6414759997, -1086032.1762220003]), ([-1448234.6414759997, -1086032.1762220003], [-1448234.6414759997, -1040777.4114065003]), ([-1448234.6414759997, -1040777.4114065003], [-1402979.8766604997, -1040777.4114065003]), ([-1402979.8766604997, -1040777.4114065003], [-1402979.8766604997, -950267.88177550025]), ([-1402979.8766604997, -950267.88177550025], [-1448234.6414759997, -950267.88177550025]), ([-1448234.6414759997, -950267.88177550025], [-1448234.6414759997, -905013.11696000025]), ([-1448234.6414759997, -905013.11696000025], [-1538744.1711069997, -905013.11696000025]), ([-1538744.1711069997, -905013.11696000025], [-1538744.1711069997, -769248.82251350023])], [([-181101.22664199956, -542974.9984360002], [-135846.46182649955, -542974.9984360002]), ([-135846.46182649955, -542974.9984360002], [-135846.46182649955, -588229.7632515002]), ([-135846.46182649955, -588229.7632515002], [-45336.932195499539, -588229.7632515002]), ([-45336.932195499539, -588229.7632515002], [-45336.932195499539, -633484.52806700021]), ([-45336.932195499539, -633484.52806700021], [45172.597435500473, -633484.52806700021]), ([45172.597435500473, -633484.52806700021], [45172.597435500473, -678739.29288250022]), ([45172.597435500473, -678739.29288250022], [135682.12706650048, -678739.29288250022]), ([135682.12706650048, -678739.29288250022], [135682.12706650048, -723994.05769800022]), ([135682.12706650048, -723994.05769800022], [180936.89188200049, -723994.05769800022]), ([180936.89188200049, -723994.05769800022], [180936.89188200049, -814503.58732900023]), ([180936.89188200049, -814503.58732900023], [226191.6566975005, -814503.58732900023]), ([226191.6566975005, -814503.58732900023], [226191.6566975005, -769248.82251350023]), ([226191.6566975005, -769248.82251350023], [271446.4215130005, -769248.82251350023]), ([271446.4215130005, -769248.82251350023], [271446.4215130005, -859758.35214450024]), ([271446.4215130005, -859758.35214450024], [316701.18632850051, -859758.35214450024]), ([316701.18632850051, -859758.35214450024], [316701.18632850051, -995522.64659100026]), ([316701.18632850051, -995522.64659100026], [361955.95114400052, -995522.64659100026]), ([361955.95114400052, -995522.64659100026], [361955.95114400052, -1040777.4114065003]), ([361955.95114400052, -1040777.4114065003], [407210.71595950052, -1040777.4114065003]), ([407210.71595950052, -1040777.4114065003], [407210.71595950052, -1131286.9410375003]), ([407210.71595950052, -1131286.9410375003], [361955.95114400052, -1131286.9410375003]), ([361955.95114400052, -1131286.9410375003], [361955.95114400052, -1176541.7058530003]), ([361955.95114400052, -1176541.7058530003], [316701.18632850051, -1176541.7058530003]), ([316701.18632850051, -1176541.7058530003], [316701.18632850051, -1221796.4706685003]), ([316701.18632850051, -1221796.4706685003], [271446.4215130005, -1221796.4706685003]), ([271446.4215130005, -1221796.4706685003], [271446.4215130005, -1267051.2354840003]), ([271446.4215130005, -1267051.2354840003], [316701.18632850051, -1267051.2354840003]), ([316701.18632850051, -1267051.2354840003], [316701.18632850051, -1312306.0002995003]), ([316701.18632850051, -1312306.0002995003], [271446.4215130005, -1312306.0002995003]), ([271446.4215130005, -1312306.0002995003], [226191.6566975005, -1312306.0002995003]), ([226191.6566975005, -1312306.0002995003], [226191.6566975005, -1357560.7651150003]), ([226191.6566975005, -1357560.7651150003], [90427.362251000479, -1357560.7651150003]), ([90427.362251000479, -1357560.7651150003], [90427.362251000479, -1312306.0002995003]), ([90427.362251000479, -1312306.0002995003], [-90591.697010999545, -1312306.0002995003]), ([-90591.697010999545, -1312306.0002995003], [-90591.697010999545, -1267051.2354840003]), ([-90591.697010999545, -1267051.2354840003], [-181101.22664199956, -1267051.2354840003]), ([-181101.22664199956, -1267051.2354840003], [-181101.22664199956, -1221796.4706685003]), ([-181101.22664199956, -1221796.4706685003], [-316865.52108849958, -1221796.4706685003]), ([-316865.52108849958, -1221796.4706685003], [-316865.52108849958, -1086032.1762220003]), ([-316865.52108849958, -1086032.1762220003], [-362120.28590399958, -1086032.1762220003]), ([-362120.28590399958, -1086032.1762220003], [-362120.28590399958, -1040777.4114065003]), ([-362120.28590399958, -1040777.4114065003], [-407375.05071949959, -1040777.4114065003]), ([-407375.05071949959, -1040777.4114065003], [-407375.05071949959, -1131286.9410375003]), ([-407375.05071949959, -1131286.9410375003], [-362120.28590399958, -1131286.9410375003]), ([-362120.28590399958, -1131286.9410375003], [-362120.28590399958, -1221796.4706685003]), ([-362120.28590399958, -1221796.4706685003], [-407375.05071949959, -1221796.4706685003]), ([-407375.05071949959, -1221796.4706685003], [-497884.5803504996, -1221796.4706685003]), ([-497884.5803504996, -1221796.4706685003], [-497884.5803504996, -1176541.7058530003]), ([-497884.5803504996, -1176541.7058530003], [-543139.34516599961, -1176541.7058530003]), ([-543139.34516599961, -1176541.7058530003], [-543139.34516599961, -1131286.9410375003]), ([-543139.34516599961, -1131286.9410375003], [-497884.5803504996, -1131286.9410375003]), ([-497884.5803504996, -1131286.9410375003], [-497884.5803504996, -1086032.1762220003]), ([-497884.5803504996, -1086032.1762220003], [-543139.34516599961, -1086032.1762220003]), ([-543139.34516599961, -1086032.1762220003], [-543139.34516599961, -995522.64659100026]), ([-543139.34516599961, -995522.64659100026], [-588394.10998149961, -995522.64659100026]), ([-588394.10998149961, -995522.64659100026], [-588394.10998149961, -950267.88177550025]), ([-588394.10998149961, -950267.88177550025], [-543139.34516599961, -950267.88177550025]), ([-543139.34516599961, -950267.88177550025], [-543139.34516599961, -814503.58732900023]), ([-543139.34516599961, -814503.58732900023], [-497884.5803504996, -814503.58732900023]), ([-497884.5803504996, -814503.58732900023], [-497884.5803504996, -859758.35214450024]), ([-497884.5803504996, -859758.35214450024], [-407375.05071949959, -859758.35214450024]), ([-407375.05071949959, -859758.35214450024], [-407375.05071949959, -905013.11696000025]), ([-407375.05071949959, -905013.11696000025], [-362120.28590399958, -905013.11696000025]), ([-362120.28590399958, -905013.11696000025], [-362120.28590399958, -859758.35214450024]), ([-362120.28590399958, -859758.35214450024], [-407375.05071949959, -859758.35214450024]), ([-407375.05071949959, -859758.35214450024], [-407375.05071949959, -814503.58732900023]), ([-407375.05071949959, -814503.58732900023], [-362120.28590399958, -814503.58732900023]), ([-362120.28590399958, -814503.58732900023], [-362120.28590399958, -723994.05769800022]), ([-362120.28590399958, -723994.05769800022], [-316865.52108849958, -723994.05769800022]), ([-316865.52108849958, -723994.05769800022], [-316865.52108849958, -678739.29288250022]), ([-316865.52108849958, -678739.29288250022], [-181101.22664199956, -678739.29288250022]), ([-181101.22664199956, -678739.29288250022], [-181101.22664199956, -723994.05769800022]), ([-181101.22664199956, -723994.05769800022], [-135846.46182649955, -723994.05769800022]), ([-135846.46182649955, -723994.05769800022], [-135846.46182649955, -633484.52806700021]), ([-135846.46182649955, -633484.52806700021], [-181101.22664199956, -633484.52806700021]), ([-181101.22664199956, -633484.52806700021], [-181101.22664199956, -542974.9984360002])], [([-135846.46182649955, -723994.05769800022], [-135846.46182649955, -769248.82251350023]), ([-135846.46182649955, -769248.82251350023], [-90591.697010999545, -769248.82251350023]), ([-90591.697010999545, -769248.82251350023], [-90591.697010999545, -723994.05769800022]), ([-90591.697010999545, -723994.05769800022], [-135846.46182649955, -723994.05769800022])], [([-316865.52108849958, -859758.35214450024], [-316865.52108849958, -905013.11696000025]), ([-316865.52108849958, -905013.11696000025], [-271610.75627299957, -905013.11696000025]), ([-271610.75627299957, -905013.11696000025], [-271610.75627299957, -859758.35214450024])], [([316701.18632850051, -1221796.4706685003], [361955.95114400052, -1221796.4706685003]), ([361955.95114400052, -1221796.4706685003], [361955.95114400052, -1267051.2354840003]), ([361955.95114400052, -1267051.2354840003], [316701.18632850051, -1267051.2354840003]), ([316701.18632850051, -1267051.2354840003], [316701.18632850051, -1221796.4706685003])], [([-814667.93405899964, -1176541.7058530003], [-633648.87479699962, -1176541.7058530003]), ([-633648.87479699962, -1176541.7058530003], [-633648.87479699962, -1221796.4706685003]), ([-633648.87479699962, -1221796.4706685003], [-678903.63961249962, -1221796.4706685003]), ([-678903.63961249962, -1221796.4706685003], [-724158.40442799963, -1221796.4706685003]), ([-724158.40442799963, -1221796.4706685003], [-724158.40442799963, -1267051.2354840003]), ([-724158.40442799963, -1267051.2354840003], [-769413.16924349964, -1267051.2354840003]), ([-769413.16924349964, -1267051.2354840003], [-814667.93405899964, -1267051.2354840003]), ([-814667.93405899964, -1267051.2354840003], [-814667.93405899964, -1312306.0002995003]), ([-814667.93405899964, -1312306.0002995003], [-950432.22850549966, -1312306.0002995003]), ([-950432.22850549966, -1312306.0002995003], [-950432.22850549966, -1267051.2354840003]), ([-950432.22850549966, -1267051.2354840003], [-905177.46368999965, -1267051.2354840003]), ([-905177.46368999965, -1267051.2354840003], [-859922.69887449965, -1267051.2354840003]), ([-859922.69887449965, -1267051.2354840003], [-859922.69887449965, -1221796.4706685003]), ([-859922.69887449965, -1221796.4706685003], [-814667.93405899964, -1221796.4706685003]), ([-814667.93405899964, -1221796.4706685003], [-814667.93405899964, -1176541.7058530003])], [([452465.48077500053, -1493325.0595615003], [497720.24559050053, -1493325.0595615003]), ([497720.24559050053, -1493325.0595615003], [497720.24559050053, -1629089.3540080003]), ([497720.24559050053, -1629089.3540080003], [452465.48077500053, -1629089.3540080003]), ([452465.48077500053, -1629089.3540080003], [452465.48077500053, -1493325.0595615003])], [([407210.71595950052, -1674344.1188235004], [452465.48077500053, -1674344.1188235004]), ([452465.48077500053, -1674344.1188235004], [452465.48077500053, -1719598.8836390004]), ([452465.48077500053, -1719598.8836390004], [407210.71595950052, -1719598.8836390004]), ([407210.71595950052, -1719598.8836390004], [407210.71595950052, -1674344.1188235004])], [([361955.95114400052, -1764853.6484545004], [407210.71595950052, -1764853.6484545004]), ([407210.71595950052, -1764853.6484545004], [407210.71595950052, -1810108.4132700004]), ([407210.71595950052, -1810108.4132700004], [361955.95114400052, -1810108.4132700004]), ([361955.95114400052, -1810108.4132700004], [361955.95114400052, -1764853.6484545004])], [([1855363.1900555007, -1810108.4132700004], [1900617.9548710007, -1810108.4132700004]), ([1900617.9548710007, -1810108.4132700004], [1900617.9548710007, -1855363.1780855004]), ([1900617.9548710007, -1855363.1780855004], [1855363.1900555007, -1855363.1780855004]), ([1855363.1900555007, -1855363.1780855004], [1855363.1900555007, -1810108.4132700004])], [([633484.54003700055, -1991127.4725320004], [678739.30485250056, -1991127.4725320004]), ([678739.30485250056, -1991127.4725320004], [678739.30485250056, -2036382.2373475004]), ([678739.30485250056, -2036382.2373475004], [633484.54003700055, -2036382.2373475004]), ([633484.54003700055, -2036382.2373475004], [633484.54003700055, -1991127.4725320004])], [([1267051.2474540006, -1991127.4725320004], [1312306.0122695006, -1991127.4725320004]), ([1312306.0122695006, -1991127.4725320004], [1312306.0122695006, -2036382.2373475004]), ([1312306.0122695006, -2036382.2373475004], [1267051.2474540006, -2036382.2373475004]), ([1267051.2474540006, -2036382.2373475004], [1267051.2474540006, -1991127.4725320004])], [([1402815.5419005007, -1991127.4725320004], [1448070.3067160007, -1991127.4725320004]), ([1448070.3067160007, -1991127.4725320004], [1448070.3067160007, -2126891.7669785004]), ([1448070.3067160007, -2126891.7669785004], [1402815.5419005007, -2126891.7669785004]), ([1402815.5419005007, -2126891.7669785004], [1402815.5419005007, -1991127.4725320004])], [([859758.36411450058, -2081637.0021630004], [950267.89374550059, -2081637.0021630004]), ([950267.89374550059, -2081637.0021630004], [950267.89374550059, -2126891.7669785004]), ([950267.89374550059, -2126891.7669785004], [859758.36411450058, -2126891.7669785004]), ([859758.36411450058, -2126891.7669785004], [859758.36411450058, -2081637.0021630004])], [([1040777.4233765006, -2081637.0021630004], [1086032.1881920006, -2081637.0021630004]), ([1086032.1881920006, -2081637.0021630004], [1086032.1881920006, -2126891.7669785004]), ([1086032.1881920006, -2126891.7669785004], [1040777.4233765006, -2126891.7669785004]), ([1040777.4233765006, -2126891.7669785004], [1040777.4233765006, -2081637.0021630004])]]
